128
0 24 88 58 60
1 118 16 61 18
2 83 62 65 23
3 11 125 69 61
4 46 108 34 52
5 9 29 49 119
6 82 14 15 62
7 44 8 117 39
8 49 7 82 12
9 5 37 51 127
10 58 24 93 40
11 3 46 76 14
12 112 59 86 8
13 96 38 99 87
14 74 6 89 11
15 66 92 6 70
16 123 1 52 72
17 75 40 62 109
18 72 83 97 1
19 91 61 32 104
20 115 123 56 57
21 92 54 104 80
22 61 45 81 115
23 90 26 44 2
24 0 10 43 99
25 121 96 59 117
26 64 23 72 98
27 84 79 40 96
28 39 50 103 58
29 54 5 121 90
30 88 81 67 97
31 122 70 36 81
32 98 67 19 112
33 113 119 74 111
34 76 73 4 59
35 47 106 122 84
36 68 111 31 83
37 87 9 84 42
38 110 13 83 43
39 28 48 78 7
40 52 17 27 10
41 43 126 101 46
42 126 99 125 37
43 41 121 24 38
44 7 71 23 103
45 53 22 127 54
46 4 11 73 41
47 35 127 123 66
48 106 39 113 100
49 8 51 5 50
50 81 28 75 49
51 62 49 9 105
52 40 64 16 4
53 45 95 108 123
54 29 21 106 45
55 80 87 91 120
56 109 124 20 88
57 127 90 115 20
58 10 68 0 28
59 69 12 25 34
60 70 116 66 0
61 22 19 1 3
62 51 2 17 6
63 71 72 90 101
64 26 52 111 74
65 114 113 2 78
66 15 100 60 47
67 119 32 30 113
68 36 58 79 93
69 59 109 3 76
70 60 31 80 15
71 63 44 98 86
72 18 63 26 16
73 108 34 46 91
74 14 82 33 64
75 17 120 50 102
76 34 115 11 69
77 95 85 110 114
78 104 122 39 65
79 86 27 68 95
80 55 91 70 21
81 50 30 22 31
82 6 74 8 125
83 2 18 38 36
84 27 105 37 35
85 89 77 100 126
86 79 93 12 71
87 37 55 95 13
88 30 0 102 56
89 85 117 14 92
90 23 57 63 29
91 19 80 55 73
92 21 15 119 89
93 117 86 10 68
94 105 118 114 122
95 77 53 87 79
96 13 25 105 27
97 124 112 18 30
98 32 110 71 26
99 102 42 13 24
100 101 66 85 48
101 100 104 41 63
102 99 107 88 75
103 107 114 28 44
104 78 101 21 19
105 94 84 96 51
106 48 35 54 116
107 103 102 118 110
108 73 4 53 124
109 56 69 116 17
110 38 98 77 107
111 120 36 64 33
112 12 97 124 32
113 33 65 48 67
114 65 103 94 77
115 20 76 57 22
116 125 60 109 106
117 93 89 7 25
118 1 94 107 121
119 67 33 92 5
120 111 75 126 55
121 25 43 29 118
122 31 78 35 94
123 16 20 47 53
124 97 56 112 108
125 116 3 42 82
126 42 41 120 85
127 57 47 45 9
