2048
0 202 1624 482 466 687 224 1808
1 513 1293 500 849 1838 1262 1461
2 1746 240 1152 964 536 1039 1290
3 772 1930 784 752 228 2000 678
4 1501 1592 1456 1576 941 1699 1128
5 1653 696 431 172 1516 1267 908
6 1456 455 406 1974 1702 485 1580
7 1920 1842 1060 1385 1468 591 1742
8 1753 1532 1387 1214 688 1185 1456
9 266 1144 1969 1404 1383 930 800
10 965 1241 580 1520 475 796 1900
11 808 1595 794 1314 1837 1187 1093
12 747 1494 619 133 279 1275 91
13 1521 1850 1514 77 1191 52 146
14 1975 1512 556 698 1262 1568 1103
15 1111 659 1961 1953 805 175 970
16 1316 1629 169 1676 593 1520 1592
17 1700 73 1858 837 1306 968 340
18 311 1167 41 1048 1122 780 1108
19 1637 927 530 973 1477 342 524
20 1564 1080 1360 835 1537 1098 528
21 77 695 676 1861 742 1393 1400
22 1275 490 458 1906 1449 74 1634
23 1826 1427 1772 1188 315 1297 1993
24 90 810 1705 792 1399 922 1768
25 393 769 520 1139 1120 1131 1222
26 820 1068 1211 312 1128 633 1289
27 2025 477 1227 1888 1369 953 358
28 1493 1481 451 1627 1931 1352 1068
29 37 208 865 1897 294 381 2016
30 567 860 1128 887 1208 1438 1957
31 1028 515 339 506 737 631 1102
32 234 562 1459 1369 1139 1253 666
33 310 1228 353 228 1915 191 1040
34 2000 943 1612 717 147 1750 887
35 1457 111 2040 1691 1328 196 116
36 1884 683 1981 750 327 151 1780
37 29 1212 1548 316 1591 1222 1210
38 1258 577 670 1737 1498 1934 777
39 782 940 1597 1217 1607 1026 935
40 475 710 1448 778 1407 2005 1438
41 254 501 18 1845 832 1225 1297
42 743 924 356 588 1244 1627 1444
43 1932 1758 1326 1958 1170 237 1690
44 1312 1821 1406 1875 938 119 1009
45 199 589 1641 1334 1038 558 1534
46 308 527 2045 216 197 1075 1556
47 149 411 576 394 1808 1446 257
48 1965 443 933 1144 480 54 1104
49 966 426 1901 1232 1926 441 675
50 850 1098 132 1113 437 885 459
51 653 1712 1552 477 1156 136 458
52 796 674 325 620 149 13 297
53 459 504 2029 1682 1221 824 1764
54 548 1686 1036 1182 945 48 1413
55 1797 88 875 1907 658 60 1226
56 948 1996 457 869 1987 1715 1864
57 1225 1945 1205 1784 1460 814 1207
58 547 1157 931 1948 1566 861 1793
59 212 1387 1319 638 398 1315 2018
60 822 153 369 932 574 55 575
61 1295 185 1253 390 871 1483 407
62 1000 497 831 1533 696 626 913
63 483 1781 162 591 1996 1549 1392
64 136 766 1930 1601 165 729 478
65 2013 882 1517 402 610 1676 540
66 891 1342 850 855 1280 1040 1513
67 429 1735 468 1506 1891 663 345
68 2004 1052 977 579 308 1192 88
69 339 654 1686 1392 783 1143 755
70 1708 853 1838 196 1765 960 1884
71 275 413 1342 315 994 177 1700
72 614 331 1215 301 351 1790 855
73 1496 17 394 977 757 1586 1647
74 1240 1015 1553 1088 912 22 1018
75 238 1499 1422 1778 1978 1195 547
76 203 1531 703 1956 818 1763 1533
77 21 451 81 13 1000 474 1151
78 721 543 1213 444 1903 1021 1784
79 1234 811 1594 1255 1569 698 1179
80 557 283 852 1393 621 1998 1480
81 1525 1136 77 554 1094 1155 1343
82 1271 1090 824 1752 1699 1228 123
83 760 1999 968 754 1713 887 1367
84 437 361 1661 308 1146 1861 1893
85 102 1295 1365 392 366 692 1542
86 1614 1039 1187 1834 837 915 1177
87 587 211 448 732 1016 947 696
88 930 55 1313 194 300 522 68
89 1779 1452 1004 110 1212 402 955
90 24 1530 1072 657 1362 655 938
91 1063 1020 1480 1939 1676 1648 12
92 1210 627 1831 621 573 314 266
93 1904 697 779 198 1045 1761 832
94 1417 1380 816 1418 1471 836 1547
95 1193 1744 1618 113 355 1079 1064
96 1869 1301 854 770 1831 649 729
97 300 1148 1993 975 740 1838 1245
98 836 1810 1543 1925 1667 1223 1218
99 1270 1508 1351 922 1953 1097 338
100 1819 1704 372 303 884 1266 1505
101 402 1338 1281 167 283 768 376
102 85 328 1549 1345 2037 1601 1337
103 330 1540 2007 774 420 878 1085
104 1060 427 704 1840 1990 452 1621
105 357 1584 1361 599 251 1142 1812
106 1514 1817 1288 296 224 386 587
107 1430 131 196 1915 1972 1995 1691
108 754 1780 519 1303 1700 1822 967
109 1783 845 548 337 667 972 946
110 1066 1994 382 89 1271 1949 549
111 1859 35 1746 569 1015 1125 1062
112 1129 1126 1762 923 501 1775 1326
113 633 663 608 95 258 2033 1639
114 1086 159 188 1968 1402 1174 979
115 1360 1075 1425 652 1220 1251 521
116 1095 1944 1880 1377 635 1688 35
117 738 1772 345 1769 220 2021 1807
118 329 917 1065 1115 1976 1022 990
119 481 1266 190 1794 890 44 538
120 412 155 894 1275 1392 265 428
121 389 1265 297 1043 880 2040 739
122 388 1260 378 1408 2046 435 1522
123 2040 214 1690 1632 178 324 82
124 1804 1343 1856 1703 903 1650 314
125 962 1367 997 985 509 639 706
126 1850 409 1344 958 1350 328 1844
127 293 1940 1837 1708 1098 1447 1302
128 517 1389 1989 1319 1797 1965 708
129 1170 262 1160 393 1902 608 1406
130 516 1695 426 1130 1971 1481 1718
131 1806 107 765 503 861 1339 1316
132 937 1030 50 543 1261 1509 1457
133 252 395 1511 12 1242 1490 1622
134 1436 194 379 1218 252 1533 2047
135 1006 1142 1451 1922 1043 327 1251
136 64 342 2013 1475 175 51 1078
137 1992 1658 1138 272 775 1560 1096
138 256 246 1660 866 1518 1621 427
139 1341 1976 1465 395 2027 523 1481
140 709 1652 501 1771 358 1594 652
141 145 1045 1509 1344 558 1914 1465
142 1435 358 937 1019 1519 1439 964
143 1280 956 522 1092 214 1856 726
144 847 2008 2026 302 670 662 1653
145 141 983 1428 175 2007 1296 242
146 1462 1797 1774 1341 1405 1547 13
147 1100 377 693 2042 34 1252 1033
148 354 633 1524 952 359 1152 735
149 47 1997 1021 788 52 215 1667
150 1155 397 758 1273 763 252 456
151 1401 264 1826 1510 348 36 1089
152 696 764 1235 1938 1277 155 390
153 1255 60 717 1378 724 401 2007
154 448 953 1534 1278 1348 395 1907
155 239 120 1040 1391 1061 152 663
156 1327 610 1165 715 1457 1334 1823
157 1594 705 474 1538 502 1611 518
158 1935 1832 1646 1961 365 320 1995
159 612 114 1497 633 2011 1736 1882
160 1402 1622 1373 262 1266 1453 249
161 888 1685 1405 358 1541 703 727
162 1728 877 63 1199 1711 661 483
163 700 1334 1974 1072 430 1834 291
164 231 1864 1217 888 326 202 1671
165 661 913 1224 949 64 1786 1024
166 512 1581 846 695 243 170 973
167 1800 418 1013 101 1964 575 830
168 1390 1121 1207 1208 1335 586 1211
169 408 1544 16 1374 1584 1390 383
170 1895 1177 660 1610 1571 166 685
171 491 1632 172 1162 1568 593 751
172 1916 242 171 5 1326 785 1189
173 2046 1643 833 363 2010 273 747
174 844 608 2016 1105 1127 841 1570
175 1611 247 1370 145 136 15 738
176 505 1355 1610 1361 441 911 749
177 235 1106 1920 1421 638 71 436
178 336 321 897 447 123 1183 1756
179 1194 466 1952 1588 1297 1839 1636
180 1473 1322 306 1886 1811 812 1475
181 1283 1870 1233 379 2042 583 1528
182 812 1306 205 1379 947 1785 931
183 1482 1165 1133 1569 563 1342 1574
184 2009 199 1219 1380 196 1443 281
185 1416 61 1322 1221 853 1796 899
186 713 787 834 979 204 465 292
187 1233 1507 985 321 1988 278 1025
188 1118 1493 114 1593 1897 2026 1403
189 1604 593 680 492 1008 1766 347
190 436 728 119 1863 531 1508 1602
191 1875 1302 1186 2021 1616 33 756
192 427 1102 542 195 560 1368 1577
193 428 1561 1776 1452 595 396 520
194 358 134 943 88 2012 1755 552
195 666 898 1823 192 796 1344 1286
196 744 1123 107 70 184 35 573
197 1838 1008 1454 499 46 998 1225
198 1152 890 786 93 1697 798 1440
199 45 184 1943 1107 215 411 1684
200 1518 1226 553 1541 1413 1770 1745
201 1247 823 1659 1159 1562 281 290
202 0 1079 993 1157 1166 164 1535
203 76 1603 1002 1837 1675 442 1228
204 1472 274 1108 730 186 469 2015
205 462 875 182 903 813 354 449
206 1714 1953 776 630 807 344 1416
207 917 1187 1221 1648 826 271 1178
208 1237 29 1127 354 1820 1883 1557
209 1368 1327 1220 1023 1691 1703 594
210 596 2000 1473 1950 1980 1622 1786
211 1094 87 1587 496 1182 484 1230
212 59 479 829 682 1255 1398 1495
213 1289 1951 1726 1229 1157 619 750
214 527 123 1990 860 143 937 1779
215 664 1128 1601 2029 199 149 332
216 1215 1963 1189 46 391 1014 569
217 1647 1192 647 1471 1113 757 310
218 1009 245 1318 1981 1511 1889 1445
219 454 1084 1049 445 674 471 1914
220 2002 707 1265 1986 117 1167 1347
221 898 318 1936 479 1678 1581 1572
222 771 1710 1656 502 1830 920 1575
223 273 311 1562 373 1692 313 895
224 1735 1974 654 2037 106 0 410
225 1624 1615 1645 1227 1919 845 1199
226 532 1065 762 1524 1517 629 424
227 1379 1741 1378 1441 565 1205 1482
228 1047 1617 609 33 3 2031 414
229 1692 1053 400 1228 846 927 1980
230 1051 881 1892 1424 1484 277 339
231 164 367 1520 779 250 1635 1318
232 241 1034 1752 851 1316 1160 759
233 1099 568 1995 449 1710 250 656
234 32 1467 783 1622 744 1802 1685
235 177 1727 1596 1616 1409 1917 793
236 493 1973 1485 987 1090 1227 828
237 1793 557 267 1590 562 43 1805
238 75 1654 1598 420 1652 1360 1421
239 155 957 551 677 1894 923 1911
240 595 2 307 1615 685 1101 716
241 232 1660 941 972 1890 1375 1523
242 290 172 1197 304 434 496 145
243 2023 1910 1577 659 166 1535 1292
244 665 1546 1376 1449 1240 477 1187
245 455 218 1754 616 1155 992 882
246 848 138 594 1294 515 1663 1370
247 404 175 1732 369 1162 800 1544
248 601 1678 803 969 966 1871 1990
249 359 1501 1232 1544 289 1033 160
250 1579 333 424 673 231 233 1837
251 1079 1363 1435 413 105 577 1562
252 133 590 855 1002 134 150 844
253 676 1221 301 1917 1363 2037 902
254 41 1711 1712 961 686 898 585
255 766 987 309 1461 411 1425 1573
256 138 392 303 745 1268 1128 858
257 1467 604 1330 279 566 1426 47
258 1844 1289 371 1099 113 677 1279
259 1483 623 789 1972 354 714 380
260 813 447 595 731 1173 1428 1291
261 1544 560 1484 1964 902 1773 1961
262 366 129 1733 160 834 1896 635
263 433 1256 1669 676 1247 404 1050
264 942 151 1722 1804 1343 1495 453
265 1442 1880 269 1426 1619 120 1771
266 9 982 685 1406 838 1809 92
267 272 340 237 728 388 819 1539
268 1998 1620 1350 1656 1992 1576 1763
269 981 1795 265 1420 714 1440 1595
270 616 665 1609 1744 1636 682 475
271 1102 298 1495 1943 1452 207 807
272 267 1328 531 137 1203 1643 1176
273 223 1211 1421 714 1083 173 1488
274 1195 204 1397 1299 468 1370 1117
275 71 741 1602 1202 1265 1714 503
276 1953 2036 1078 578 1424 1927 333
277 1214 652 1868 1898 399 230 1310
278 977 1365 1768 1150 915 187 1918
279 1115 1320 1627 257 12 1381 317
280 671 580 1088 1353 878 730 722
281 520 1646 1965 548 721 201 184
282 1106 1836 1413 1553 1251 1530 1635
283 1645 80 811 2020 101 763 1381
284 1251 464 963 1651 859 1964 890
285 1760 1755 1551 1932 551 1388 1560
286 759 800 1383 1306 462 1726 1499
287 1903 1264 1885 397 1738 1574 1148
288 1531 303 1339 604 293 491 865
289 1042 1873 1757 473 249 1502 1587
290 242 783 870 1061 983 2042 201
291 521 1199 470 1751 346 1905 163
292 773 400 848 568 1059 1984 186
293 127 625 1069 1675 288 1555 866
294 1365 1169 342 953 29 1456 761
295 1672 1099 1374 1786 1003 681 991
296 1200 842 1848 106 1627 1217 1722
297 1606 2005 121 1876 823 1980 52
298 988 271 1010 674 815 733 922
299 1384 1153 425 1652 1190 387 1213
300 97 682 681 460 88 689 1331
301 1004 1331 253 72 995 1551 714
302 1388 1962 1250 144 979 1470 1223
303 1317 288 256 100 489 1340 357
304 1938 564 1042 242 1490 739 1794
305 892 1417 477 632 1933 450 1565
306 1590 1083 180 1025 680 1999 344
307 2041 1536 240 908 961 2010 534
308 46 1267 1971 84 68 384 698
309 2014 716 255 1621 1331 904 1013
310 33 1325 1132 1618 371 1810 217
311 18 223 1106 1187 1755 888 1921
312 1076 1845 877 26 1163 1598 1857
313 621 1208 988 1519 1292 223 471
314 635 1042 1414 1160 1159 92 124
315 1471 698 920 71 23 414 1708
316 1130 1500 1142 37 576 1441 1834
317 1315 362 1204 712 604 1408 279
318 1858 221 1696 1238 1732 1664 1219
319 972 605 1888 1999 1273 1602 1625
320 1301 1988 1305 996 1070 158 499
321 925 178 841 187 1282 1559 1874
322 995 1606 1442 1624 769 1579 1821
323 1698 1773 1462 980 1192 1016 1284
324 865 1888 1394 1140 1065 123 1704
325 2028 457 52 672 824 1181 1083
326 565 579 863 981 164 826 1101
327 1403 1171 2000 1205 36 135 1306
328 1956 102 1937 1844 1695 126 563
329 118 676 760 1724 1558 470 813
330 103 1214 745 1321 1828 1255 1427
331 489 72 1073 1896 1040 928 1890
332 1408 1752 1988 986 544 1741 215
333 400 250 1359 1447 446 1058 276
334 873 2004 1176 1358 1920 1972 1036
335 1558 349 839 683 1459 1782 441
336 178 512 757 2041 866 770 1105
337 1308 1031 1960 109 495 1427 596
338 1545 535 840 1458 1088 970 99
339 69 1796 31 544 464 1933 230
340 722 267 1526 1617 1422 1906 17
341 1509 1430 982 1098 1167 1051 1931
342 791 136 294 1982 950 19 582
343 545 893 565 1134 804 1916 1372
344 477 1461 1643 567 1195 206 306
345 751 2022 117 1868 1965 1135 67
346 956 1745 405 870 291 786 359
347 1209 2042 1778 1104 789 1860 189
348 509 938 1492 1582 151 1697 636
349 1553 335 975 1867 1486 1411 1886
350 615 357 549 893 2043 1274 810
351 1547 1723 967 521 72 1345 1553
352 1091 680 2023 1035 700 838 1611
353 468 1485 33 1089 1661 1068 1642
354 148 1001 690 208 259 205 1390
355 1526 1209 1093 1643 95 1067 544
356 719 2010 42 1959 1215 1900 1325
357 105 350 1507 970 1029 797 303
358 194 142 847 161 140 392 27
359 249 1840 1987 1225 148 1901 346
360 1689 2037 1431 1284 1899 1206 1134
361 1929 84 1775 1735 1599 696 502
362 982 317 1210 560 817 2002 1460
363 369 837 1198 173 1398 747 1702
364 1174 834 413 1305 1132 1630 1196
365 1498 1585 1835 1121 158 1519 901
366 262 438 590 1155 85 1326 1999
367 717 231 492 1192 498 1100 1571
368 922 1820 2038 1490 1020 743 997
369 363 1818 60 247 1827 1220 765
370 1639 723 983 462 1462 1746 650
371 1340 742 258 921 310 1380 1948
372 1178 1119 100 1136 875 1662 1868
373 1128 795 1568 223 1302 1875 488
374 1917 991 1131 605 1134 467 1049
375 480 1072 1954 784 1084 952 1940
376 1767 993 820 1438 1138 1277 101
377 1410 147 1907 1630 1202 605 1031
378 1463 879 122 687 1272 866 768
379 598 1515 134 181 1193 1300 1140
380 394 1046 936 2046 1323 1623 259
381 1835 1542 952 1007 1885 29 1559
382 821 776 110 1302 1550 1308 1097
383 555 686 1028 818 1342 1713 169
384 1505 559 1547 1241 1682 308 1470
385 789 1175 1922 936 627 705 1682
386 1030 1520 429 743 1411 106 1701
387 1860 476 1940 1980 2004 299 1861
388 122 1942 1898 398 267 1544 1800
389 121 847 1505 1167 898 1429 1340
390 495 1535 1212 61 1683 1412 152
391 734 789 1193 838 216 1600 1770
392 1787 256 1964 85 1150 358 511
393 25 744 1502 129 1044 1081 612
394 380 1748 73 47 1217 1487 1695
395 1901 133 1481 139 659 154 1506
396 1191 1965 646 574 1736 193 558
397 1001 150 1296 287 677 1942 809
398 539 2035 1267 388 59 1454 1328
399 1795 1637 1369 453 277 782 657
400 333 292 229 1118 1181 512 680
401 1426 1602 1145 864 1455 153 1447
402 101 974 1453 65 1672 89 535
403 1519 1855 1693 1224 435 1850 1917
404 247 1273 1052 1135 1035 263 721
405 968 1109 346 1984 821 1053 1902
406 1861 2040 6 692 951 1465 1077
407 1121 1979 1079 1792 609 1946 61
408 169 440 947 781 1041 1604 1552
409 1073 126 2018 549 843 1159 1386
410 2016 1051 1666 1259 1042 850 224
411 1336 47 1725 1502 255 199 1698
412 120 1269 1654 761 1060 584 1969
413 556 71 364 251 925 1507 860
414 1665 552 604 1770 1942 315 228
415 699 632 1407 1355 630 1852 519
416 730 1503 914 2026 1554 1801 419
417 1303 778 1399 1018 1492 527 1206
418 564 167 502 1719 972 1281 632
419 552 617 1174 1795 795 713 416
420 1854 1028 1111 238 103 2009 610
421 1792 1600 867 800 1223 1894 445
422 1356 538 532 1301 1932 667 1309
423 464 565 1490 577 1300 598 1699
424 482 1213 250 994 1712 1748 226
425 913 2017 299 1671 778 1164 1905
426 1743 49 130 593 497 427 572
427 192 104 878 1870 1068 426 138
428 193 919 1912 989 1989 852 120
429 67 1469 386 1454 646 657 1867
430 1398 855 1222 1062 163 726 719
431 1166 1291 5 867 909 997 1296
432 1511 1019 735 511 1993 468 700
433 263 1529 1430 848 1572 1877 1608
434 776 933 955 1040 242 1749 1477
435 1041 768 2033 1311 403 122 1338
436 190 1353 1182 1492 1762 494 177
437 84 554 1130 1127 50 722 1317
438 1264 366 1557 1117 779 664 1373
439 1619 452 836 1304 1412 964 1051
440 1070 408 1089 1457 1536 1293 1158
441 1585 704 1933 2043 176 49 335
442 1527 780 1175 1564 1228 203 1484
443 763 48 689 675 1565 1753 667
444 1634 1918 1786 78 1917 1812 1816
445 1566 729 1515 219 785 1659 421
446 1057 1059 1869 1926 333 587 2044
447 1574 260 1082 178 1724 1669 705
448 154 2029 87 1086 772 676 1591
449 1762 1939 1066 233 900 895 205
450 958 1404 1804 946 503 305 600
451 1646 77 28 1034 1406 1377 1017
452 1690 439 1001 776 1112 104 1517
453 1407 2001 1857 399 1570 933 264
454 219 511 489 1078 661 579 1613
455 245 6 675 476 1123 536 510
456 1188 1724 864 1462 1147 1354 150
457 1469 325 56 1523 1653 905 1998
458 1717 1946 22 857 472 625 51
459 53 996 942 1327 1528 1945 50
460 1893 1050 1136 300 1404 1063 1510
461 1098 1307 756 898 1618 1521 2017
462 205 1625 1156 370 286 1457 992
463 1085 673 1565 1729 852 1845 730
464 423 284 1410 1811 339 1310 1353
465 1695 951 1177 1359 1119 186 1130
466 1969 179 1086 0 1634 1776 1705
467 1080 664 747 1536 539 374 1312
468 353 1789 67 1791 274 432 1950
469 944 962 2035 1315 1840 204 1959
470 1318 1489 291 1710 722 329 531
471 957 1794 1851 2025 1879 219 313
472 1589 1297 1348 1252 458 1729 766
473 1071 1815 2020 289 1613 1857 744
474 1548 517 157 1856 1032 77 1191
475 40 1371 699 1614 10 732 270
476 1413 387 972 455 642 1056 1107
477 344 27 305 51 1298 244 740
478 1305 658 1336 1595 1403 1115 64
479 1522 212 1061 221 1850 1704 846
480 375 1088 669 753 48 884 1609
481 119 969 761 1497 1645 2035 1146
482 424 1366 0 1683 850 1655 1333
483 63 534 951 1149 976 910 162
484 1951 651 1582 718 840 211 1610
485 515 507 1976 495 1371 6 2022
486 1682 1987 673 1734 860 1561 1638
487 1287 958 1020 1197 1479 1402 1618
488 1297 1740 2019 1787 735 1027 373
489 331 1709 454 1554 303 2015 905
490 863 22 1992 1983 500 846 909
491 171 1139 1909 572 1860 288 655
492 1924 1154 367 189 1703 497 1298
493 236 575 1785 814 1794 1002 564
494 1039 1038 1663 1290 1281 436 790
495 390 994 1200 485 337 511 1838
496 1633 736 1765 211 906 242 1719
497 1675 62 754 1203 426 492 501
498 1659 1993 1180 1921 367 566 911
499 1727 1556 1718 197 978 793 320
500 801 630 1 899 490 1137 1029
501 1808 41 140 1698 112 1394 497
502 765 1005 418 222 157 1694 361
503 733 540 1634 131 450 638 275
504 1298 53 898 1060 1466 971 1474
505 176 749 1581 524 1023 1069 1258
506 1556 1787 822 31 1865 582 1442
507 1035 485 598 782 998 1740 1515
508 1839 1859 1813 1126 553 809 1137
509 348 541 1372 1058 125 1674 851
510 1906 1314 1599 1934 1308 1229 455
511 1982 454 1789 432 845 495 392
512 166 336 1269 1350 1848 400 1345
513 1 887 1384 1271 1925 641 1314
514 720 1868 2037 1573 683 1499 561
515 485 31 1959 1477 246 1367 776
516 130 1163 948 744 1631 842 1540
517 128 474 1308 1119 1509 1335 695
518 1265 1391 1589 1933 1576 811 157
519 1628 1339 108 1479 1836 854 415
520 281 762 25 581 1095 1477 193
521 291 1568 600 351 718 901 115
522 1364 835 143 1164 1448 88 2040
523 1372 551 642 1026 1876 139 1965
524 1348 1555 1163 505 620 891 19
525 856 1806 1440 1268 1210 1886 1173
526 698 1378 1985 713 1739 849 982
527 214 46 569 1066 1216 417 710
528 853 1440 807 819 882 1129 20
529 1383 1756 1371 1797 662 734 592
530 1716 1734 19 1626 1745 1955 898
531 1537 790 272 811 190 1278 470
532 226 1023 422 1156 1906 1541 1092
533 726 863 1824 747 1458 1904 1462
534 1239 483 2030 902 640 1762 307
535 1691 338 958 925 802 2013 402
536 1755 656 593 766 2 455 1962
537 1660 653 1672 592 1467 1956 1080
538 1565 422 1724 1775 1071 1356 119
539 398 1847 1906 2018 467 1893 1411
540 1124 503 1536 1291 1230 766 65
541 1140 509 1498 2008 1647 1448 1529
542 1331 1465 192 1180 1625 1303 1129
543 578 78 741 132 2003 1987 1804
544 644 731 1238 339 332 1545 355
545 343 1672 1114 1153 1108 1096 926
546 1591 1804 730 679 1480 1862 1003
547 58 1775 1977 1527 1482 1436 75
548 54 1720 109 281 1929 1418 1205
549 1189 1122 350 409 1501 1915 110
550 1752 1476 1727 928 1121 869 1897
551 1769 523 239 1151 285 943 1683
552 419 414 2014 1270 1535 1109 194
553 1972 946 200 1783 508 1706 1569
554 674 437 874 81 946 1250 688
555 383 1920 1890 748 1668 1824 604
556 413 678 14 983 1764 1678 1891
557 80 237 649 1176 872 1550 1088
558 1141 906 1358 1500 141 45 396
559 703 384 1317 1725 904 1224 1278
560 572 261 2039 362 192 1049 1633
561 1306 767 881 877 1005 1299 514
562 1043 32 1284 796 237 1348 1265
563 1731 2024 1938 1660 183 760 328
564 418 304 1070 842 1330 1213 493
565 326 423 343 1528 227 706 942
566 1734 1816 1389 797 257 498 1182
567 30 620 860 344 1875 941 1490
568 1635 233 1230 292 767 983 847
569 710 1040 527 111 643 1837 216
570 1997 1673 1739 1920 1782 1107 1149
571 756 1444 1801 1163 1767 1001 1686
572 560 1285 1866 491 1822 900 426
573 1148 1459 891 924 92 1211 196
574 884 714 1457 396 60 1830 640
575 1994 493 645 1641 1802 167 60
576 1445 955 47 992 316 2047 605
577 1693 38 1574 423 1491 251 1015
578 543 782 1499 276 619 1226 1588
579 855 326 1436 68 930 454 1293
580 1061 280 10 1559 856 1747 1048
581 1055 2011 615 520 1686 945 1260
582 1357 1645 838 2014 794 506 342
583 1296 1848 1825 1045 1048 181 1665
584 2017 1902 1846 2023 1506 412 1429
585 1961 1895 1380 821 1685 1633 254
586 904 743 1721 1148 1786 168 1408
587 87 1812 1750 1680 1789 446 106
588 1186 1280 1563 42 1846 1270 1252
589 984 45 1390 911 919 1929 1244
590 625 252 366 2007 601 721 1892
591 1870 1003 726 63 1238 7 996
592 628 1406 771 537 2032 1928 529
593 1291 189 536 426 16 171 1395
594 1470 840 246 634 1414 828 209
595 240 602 260 1944 193 1656 783
596 210 2025 992 943 1635 1037 337
597 1661 841 1141 1606 1014 609 1267
598 379 1805 507 803 741 423 780
599 1391 1463 1751 105 839 1851 1992
600 1087 1774 521 787 799 1065 450
601 248 1771 743 1522 590 1144 1087
602 871 595 1540 691 669 1876 2039
603 712 815 828 1474 1437 1629 1410
604 1145 257 414 288 317 1571 555
605 1863 319 1044 374 1947 377 576
606 829 1564 1944 868 1849 1698 634
607 1208 1647 1926 741 1997 1751 823
608 1310 174 113 1190 1078 129 1420
609 1592 909 228 1013 407 597 622
610 1228 156 1279 875 65 1091 420
611 843 614 907 1563 1621 622 2010
612 159 1386 1191 627 1737 1006 393
613 795 963 1258 1902 2031 1004 779
614 72 611 1983 1351 970 1959 1451
615 350 857 581 1755 1945 1105 2004
616 270 1229 1628 245 1473 1328 932
617 1227 419 1736 2027 1512 1235 1422
618 1828 786 2001 1067 1401 1336 1446
619 711 1372 12 1094 578 213 1485
620 1268 567 965 52 524 2022 1383
621 313 690 1155 92 80 1403 1079
622 1375 1934 1487 1806 1523 611 609
623 1513 259 1949 1383 1582 1407 626
624 1552 760 2032 786 1439 1291 1909
625 590 293 1329 1733 1417 458 1802
626 1110 1196 1915 1069 1352 62 623
627 849 92 1845 612 385 784 1926
628 592 1659 1986 1825 727 1954 833
629 1167 662 1678 1313 771 226 1752
630 905 500 1139 206 415 1024 1336
631 1696 1224 939 824 1187 31 1067
632 1595 415 2046 305 1382 728 418
633 113 148 1328 159 1804 26 1027
634 979 1159 666 594 844 1347 606
635 314 1863 856 1518 116 1419 262
636 1376 1857 2011 1057 1542 748 348
637 1596 1487 1830 1286 1080 1210 1330
638 875 1933 1716 59 177 503 725
639 1452 1786 1644 1402 1761 125 1862
640 1393 784 1932 1128 534 1910 574
641 1338 1609 999 874 1274 513 1007
642 1230 1009 523 793 476 1459 907
643 1207 1219 984 2004 569 2034 1640
644 544 1733 1701 1288 1028 1682 888
645 1778 781 575 1226 1832 1543 676
646 1577 1853 396 1575 429 1504 1720
647 1154 1114 217 1580 1499 1153 1161
648 983 1814 1434 1739 2047 886 699
649 673 1884 557 1587 2036 96 1871
650 690 1210 1683 702 1469 2024 370
651 940 484 929 686 1688 690 1425
652 1712 277 1162 115 1735 1595 140
653 51 537 780 1451 1829 779 1710
654 2021 69 224 1579 1744 1975 1135
655 1137 1018 1946 1717 697 90 491
656 1064 536 1167 772 1222 882 233
657 1346 1361 1640 90 997 429 399
658 2011 478 1819 884 55 1355 812
659 1676 15 744 243 395 1970 1368
660 1586 1882 170 1033 952 855 974
661 165 1233 851 1949 454 162 1875
662 1437 629 1850 709 529 144 827
663 1771 113 1334 976 1716 67 155
664 215 467 1248 1530 1069 438 937
665 244 270 2010 1997 908 1638 1904
666 195 1234 634 1815 1397 1263 32
667 1151 687 1084 1701 109 422 443
668 1921 1597 1734 822 1391 1055 876
669 1242 945 480 1817 602 938 2033
670 2036 1947 38 1310 144 1742 1796
671 280 2009 1064 1389 1443 1979 1945
672 1649 892 827 325 923 1435 1123
673 649 463 486 250 1497 1919 1469
674 554 52 1055 298 219 1677 1845
675 1758 1411 455 443 1671 2027 49
676 253 329 21 263 1694 448 645
677 1862 1700 921 239 397 258 1713
678 1370 556 1375 1561 867 1176 3
679 1751 1560 1032 546 1975 863 1687
680 936 352 189 951 306 1562 400
681 1400 1415 300 795 985 295 1801
682 1999 300 1293 212 1218 270 734
683 1983 36 1409 335 514 752 843
684 858 685 1301 1432 1844 1679 704
685 1824 684 266 1056 240 1423 170
686 1352 383 1282 651 254 806 1098
687 1491 667 801 378 0 1532 1906
688 1190 1466 1321 1388 8 1009 554
689 1116 732 443 905 1036 300 1274
690 650 621 354 1995 1640 651 1887
691 1763 1598 1022 602 1494 1154 1811
692 867 1569 1426 406 881 85 1382
693 1881 1206 147 1923 848 1264 1042
694 1789 1277 1463 1600 1689 962 1735
695 1037 21 979 166 1909 881 517
696 152 5 1161 2047 62 361 87
697 1441 93 1521 764 655 1563 1657
698 526 315 1558 14 1816 79 308
699 415 1424 475 1711 2026 1017 648
700 163 1754 1285 1108 352 1216 432
701 1720 1379 1240 809 1153 1617 1476
702 1927 752 812 650 1487 1701 801
703 559 1107 76 1918 1030 161 1394
704 883 441 104 1713 1588 2025 684
705 1025 157 949 1469 1944 385 447
706 991 1950 749 1836 1639 565 125
707 870 220 1199 1103 1380 1166 1319
708 1977 1373 1862 1757 2020 1378 128
709 140 738 1691 662 1969 1718 770
710 569 40 1790 1295 1400 1668 527
711 619 1545 910 1704 809 1230 1626
712 603 1664 1309 317 1845 2041 1827
713 186 990 1347 526 1780 419 914
714 1988 574 1074 273 269 259 301
715 854 926 1688 156 1770 1589 1623
716 1069 309 903 1499 1510 1120 240
717 367 1801 153 34 1374 857 950
718 1978 1959 849 484 521 1409 1536
719 356 965 1649 831 980 1608 430
720 514 1608 1245 1110 1039 1882 1649
721 78 1240 1117 1055 281 590 404
722 340 1765 748 2045 470 437 280
723 1974 370 2017 1083 1956 1333 884
724 1385 1362 1817 1419 153 1399 1732
725 1638 1036 876 1256 1169 1779 638
726 533 1027 591 1210 962 430 143
727 762 1419 1188 1263 628 1944 161
728 1813 190 800 267 1966 632 1567
729 755 445 1715 1854 1496 64 96
730 416 1956 546 204 731 280 463
731 1749 544 1134 260 730 984 2001
732 1616 689 1719 87 1581 475 1920
733 503 1691 1680 1029 745 298 1378
734 391 1033 795 1318 2025 529 682
735 788 1915 432 955 488 1397 148
736 1942 496 1766 1439 1781 776 912
737 1273 872 775 1699 31 914 1996
738 117 709 1400 841 1563 950 175
739 2007 1395 1184 769 1529 304 121
740 1677 1248 1105 1171 97 1052 477
741 1979 275 543 607 598 1358 1030
742 1968 371 973 1348 21 804 1532
743 42 586 601 386 1538 368 1706
744 196 393 659 516 234 1769 473
745 1561 1243 330 256 733 948 1114
746 1313 1134 1420 1674 1774 1117 878
747 12 1872 467 533 893 363 173
748 1981 756 722 555 1464 636 1313
749 1945 505 706 1366 1669 1977 176
750 1083 1359 1306 36 1905 1793 213
751 345 1628 1997 1731 1387 1527 171
752 1785 702 1104 3 1825 683 1322
753 1142 1985 1236 480 1839 942 1974
754 108 1450 497 83 1207 1322 1841
755 729 1854 1621 1966 1952 1926 69
756 571 748 461 1774 984 1603 191
757 787 1006 336 1894 73 217 1736
758 1669 1783 150 1008 886 1359 1899
759 286 825 1362 894 2028 1969 232
760 83 624 329 850 1853 563 949
761 1909 961 481 412 1366 764 294
762 727 520 226 909 870 862 1094
763 443 794 1482 1212 150 283 1645
764 1139 152 918 697 1334 761 886
765 502 1474 131 1131 1324 1590 369
766 255 64 1202 536 1778 540 472
767 869 561 1759 1481 568 1130 1227
768 783 435 1019 1494 1589 101 378
769 2031 25 1229 739 322 1583 1673
770 1750 1480 1677 96 1751 336 709
771 222 1026 592 1843 629 1452 1721
772 3 1923 1879 656 448 1637 1019
773 292 1642 1411 1354 1206 1728 1435
774 1622 1862 1541 103 1214 1510 1404
775 1560 838 737 1285 137 1799 1894
776 434 382 206 452 1430 736 515
777 1337 1808 1412 1332 1142 1417 38
778 1455 417 1144 40 425 1136 1247
779 1673 1432 93 231 438 653 613
780 1172 442 653 1535 1753 18 598
781 1027 645 1277 408 1504 865 1692
782 39 578 1244 507 1225 399 864
783 768 290 234 1780 69 1148 595
784 1764 640 3 375 889 627 892
785 1282 1616 1544 844 445 172 1617
786 1358 618 198 624 1237 346 1597
787 757 186 1264 600 2024 1276 1315
788 735 1194 1928 149 1018 1233 792
789 385 391 259 1076 347 1863 1281
790 1169 531 1617 1106 1680 1405 494
791 342 1390 1386 1858 1346 1634 1307
792 1451 1682 1806 24 1823 1260 788
793 1222 918 1533 642 1974 499 235
794 1045 763 11 1645 582 1961 894
795 613 373 734 681 419 995 1215
796 52 1358 1381 562 195 10 1944
797 1105 849 1423 566 1638 357 1765
798 1163 859 899 1841 1256 198 1738
799 1153 1086 1818 1191 600 1480 1023
800 1220 286 728 421 1790 247 9
801 500 1118 687 1712 1364 1966 702
802 1486 1434 1292 1397 535 969 951
803 1487 1811 248 598 1418 1696 1656
804 1447 1287 1755 1339 343 742 1607
805 1703 1392 994 1913 15 1826 1903
806 2029 1198 1895 1931 1877 686 1493
807 1489 1482 528 963 206 1734 271
808 11 1879 1600 1558 1543 1482 934
809 1796 1960 1555 701 711 508 397
810 1701 24 1695 1415 847 833 350
811 837 79 283 531 1701 518 1398
812 182 1188 702 1955 874 180 658
813 260 1528 1542 1743 205 929 329
814 1131 1567 1615 493 1758 57 1021
815 1007 603 1595 1515 298 978 2032
816 1528 1799 94 1878 1814 832 1084
817 889 1716 1539 1077 362 823 1777
818 1768 1191 1466 383 76 1182 1047
819 1648 1572 1882 528 1935 267 1150
820 26 1166 376 919 922 1171 940
821 382 2014 1865 585 405 1772 1434
822 60 1784 506 668 1916 965 989
823 1395 201 1262 1764 297 817 607
824 851 1890 82 631 325 53 1125
825 1874 759 1488 1195 1433 1363 1153
826 1157 1377 1367 1042 207 326 1237
827 846 1347 672 934 1759 867 662
828 1523 1333 603 1269 1450 594 236
829 606 1455 212 839 929 1881 2046
830 912 1525 1908 1170 1320 1952 167
831 1949 1611 62 719 1105 1846 1393
832 894 1541 1099 1608 41 816 93
833 1680 1586 173 957 1109 810 628
834 1811 364 186 1904 262 1401 1287
835 1840 522 1631 20 1593 1909 1783
836 98 1929 439 1017 1561 94 1749
837 811 363 1919 17 86 1455 1418
838 1667 775 582 391 266 352 1397
839 1072 2015 335 829 599 1289 1163
840 1412 594 338 1247 484 1232 2012
841 1820 597 321 738 891 174 1132
842 987 296 1749 564 1855 516 1877
843 611 1237 1870 1746 409 2028 683
844 174 1437 1035 785 634 1991 252
845 862 109 1873 1988 511 225 1511
846 827 1413 166 1468 229 490 479
847 144 389 358 1685 810 1212 568
848 246 1354 292 433 693 1005 1715
849 627 797 718 1 2014 526 1934
850 50 1922 66 760 482 410 1110
851 824 1451 661 232 1730 961 509
852 1363 1104 80 1473 463 428 1979
853 528 70 1934 892 185 877 2008
854 715 1849 96 1384 1973 519 1389
855 579 430 252 66 1514 660 72
856 525 1662 635 1638 580 2006 1113
857 1440 615 1519 458 1842 717 1927
858 684 1181 1779 1282 1843 977 256
859 2010 798 869 1124 284 1123 1923
860 896 30 567 214 486 935 413
861 1936 1509 1048 1942 131 58 916
862 845 1573 909 1005 1295 762 1832
863 490 533 326 984 1983 679 2009
864 1250 1247 456 401 1263 1173 782
865 324 1383 29 1670 999 781 288
866 2042 1076 1591 138 336 378 293
867 692 997 421 431 678 827 1746
868 2008 1921 1559 606 1601 1895 1022
869 767 1204 859 56 1317 550 1881
870 707 1056 290 346 762 1670 1363
871 602 1245 886 2036 61 1013 1305
872 1054 737 1913 2013 557 1864 1118
873 334 1251 879 1336 1441 894 1854
874 1260 1457 554 641 812 957 1407
875 638 205 55 610 372 1558 981
876 1446 1571 725 1194 1211 1631 668
877 1180 162 312 561 1183 853 1212
878 1664 1062 427 1613 280 103 746
879 1670 378 873 917 1284 1290 998
880 1212 1886 1916 1996 121 1077 1472
881 897 230 561 1838 692 695 1351
882 915 65 1911 1239 528 656 245
883 704 1533 908 907 1886 1737 1122
884 574 1803 1396 658 100 480 723
885 1016 1732 1501 1945 1104 50 1043
886 1822 1914 871 1333 758 648 764
887 1342 513 1891 30 2000 83 34
888 161 1981 1135 164 1743 311 644
889 817 1913 1415 1489 784 1580 1433
890 1678 198 1665 1120 119 1474 284
891 66 1462 573 1694 841 524 1115
892 305 672 990 853 1791 1815 784
893 1559 343 1083 350 747 1031 1806
894 832 1871 120 759 1660 873 794
895 1776 1713 1471 1142 940 449 223
896 860 1903 1902 1075 1353 1649 1239
897 881 1292 178 1362 1901 1500 1405
898 221 195 504 461 389 254 530
899 1745 1398 798 500 920 1723 185
900 1326 1176 1924 959 449 572 2005
901 1892 1044 1338 1185 1339 521 365
902 1572 1115 1324 534 261 990 253
903 1488 1761 716 205 124 2020 1929
904 586 1731 1150 982 559 309 1491
905 630 978 1800 689 1938 457 489
906 1475 558 1023 1963 496 1479 1830
907 1729 1511 611 883 1869 1313 642
908 1246 1948 883 307 665 1971 5
909 918 609 862 762 431 1821 490
910 1367 1978 711 1654 956 483 1246
911 1993 1852 1126 589 1341 176 498
912 830 1762 944 1396 74 1940 736
913 425 165 2024 1721 1763 1114 62
914 953 1216 416 1901 1344 737 713
915 882 1576 1839 1672 278 86 1334
916 1911 1094 1478 1154 1696 1170 861
917 207 118 2012 879 1293 999 1209
918 909 793 764 1262 1979 1615 1193
919 1159 428 1424 820 589 1214 1020
920 1161 1271 315 1181 899 222 1468
921 2037 1726 677 371 1416 1844 1937
922 368 1593 1469 99 820 24 298
923 1625 1100 1689 112 672 239 1243
924 1663 42 1590 573 1465 1546 1606
925 321 2016 1706 535 413 1557 1086
926 1397 715 1556 1574 1819 1177 545
927 1557 19 1994 1147 1986 229 1121
928 1964 1138 1190 550 1445 331 980
929 1499 1551 651 1511 829 813 1044
930 88 1883 1157 1234 579 9 1670
931 1389 2027 58 1631 1143 1514 182
932 1359 1197 1921 60 1760 2019 616
933 2024 434 48 1850 1868 453 1789
934 1705 1725 1225 827 1489 1316 808
935 1694 1634 1843 1998 1559 860 39
936 680 1364 380 385 1428 994 1066
937 132 1350 142 1486 1870 214 664
938 1034 348 1855 1053 44 669 90
939 1812 999 631 995 1914 979 1915
940 651 39 1970 1603 895 1572 820
941 1845 995 241 1394 4 567 1984
942 264 1203 459 1720 1385 753 565
943 1984 34 194 596 1185 551 1464
944 469 1692 912 2017 1783 980 1689
945 1321 669 1256 1687 54 581 1341
946 1448 553 1847 450 554 1285 109
947 1031 1272 408 1125 182 87 1928
948 56 1594 516 991 1086 745 1004
949 1319 1919 705 165 1358 1189 760
950 1464 1610 1682 2005 342 738 717
951 1571 465 483 680 406 1484 802
952 1078 1223 381 148 660 375 1277
953 914 154 1745 294 1721 27 1224
954 1377 1911 1518 1329 1784 1536 1753
955 1238 576 434 735 959 1719 89
956 346 143 1506 1335 910 1912 1822
957 471 239 991 833 1419 874 1758
958 450 487 535 126 1725 1012 1165
959 1668 1458 1450 900 955 963 1997
960 1380 1058 1343 1702 1351 70 1630
961 1871 761 1388 254 307 851 1717
962 125 469 1027 1514 726 694 1825
963 2006 613 284 807 1575 959 1071
964 1599 1242 1699 2 1806 439 142
965 10 719 620 1927 1775 822 1850
966 49 1016 1112 1436 248 1256 986
967 1127 1891 351 1581 1296 1279 108
968 405 1885 83 1750 1690 17 1760
969 1816 481 1836 248 1154 802 1452
970 1510 1607 1842 357 614 338 15
971 1636 1638 1900 1537 1179 504 1958
972 319 1777 476 241 418 109 1147
973 1184 1916 742 19 2041 1951 166
974 1109 402 2005 1047 1052 1848 660
975 1423 1460 349 97 1643 1323 1785
976 1503 1729 1805 663 483 1988 1041
977 278 1675 68 73 1356 858 1578
978 1272 905 1730 1146 499 815 1500
979 634 984 695 186 302 939 114
980 1290 1650 1703 323 719 944 928
981 269 1070 1172 326 1604 991 875
982 362 266 341 904 1776 1957 526
983 648 145 370 556 290 568 1985
984 589 979 643 863 756 731 1531
985 1872 1374 187 125 681 1365 1384
986 1740 1674 1337 332 1158 1859 966
987 842 255 1576 236 2030 1936 1644
988 298 1694 313 1041 1019 1923 1387
989 1404 1282 1950 428 1194 1552 822
990 1950 713 892 1400 1522 902 118
991 706 374 957 948 1911 981 295
992 1990 1397 596 576 1055 245 462
993 1530 376 202 1143 1075 1338 1566
994 2033 495 805 424 71 936 1895
995 322 941 1280 939 301 795 1986
996 1955 459 1939 320 1552 1238 591
997 1119 867 125 1174 657 431 368
998 1821 1412 1275 1965 507 197 879
999 1539 939 641 1935 865 917 1479
1000 62 1182 1357 1928 77 1305 2011
1001 397 354 452 1233 1074 571 1792
1002 1156 1829 203 252 1927 493 1955
1003 1937 591 1353 1292 295 1194 546
1004 301 2030 89 1947 1126 613 948
1005 1913 502 1635 862 561 848 1925
1006 135 757 1503 1248 2006 612 1953
1007 815 1830 1355 381 1864 1567 641
1008 1607 197 1863 758 189 1371 1453
1009 218 642 1030 2009 1423 688 44
1010 1536 1513 298 1172 1049 1498 1650
1011 1029 1651 1633 1215 1226 1494 1930
1012 1213 1035 1860 1196 1503 958 1956
1013 2043 1326 167 609 1129 871 309
1014 1852 1252 1203 1718 597 216 1767
1015 1971 74 1899 1414 111 1878 577
1016 885 966 2028 1322 87 323 1075
1017 1373 1488 1897 836 1666 699 451
1018 1946 655 1075 417 788 2007 74
1019 1479 432 768 142 988 1947 772
1020 1613 91 487 1960 368 1937 919
1021 1052 1385 149 1556 1372 78 814
1022 1615 1150 691 1081 1178 118 868
1023 1867 532 906 209 505 1806 799
1024 1549 1131 1593 1709 1940 630 165
1025 705 1824 1290 306 1809 1384 187
1026 1671 771 1291 523 1515 39 1859
1027 781 726 962 1326 1435 488 633
1028 31 420 383 1874 644 1301 1396
1029 1011 1861 1761 733 357 1476 500
1030 386 132 1009 1372 703 1644 741
1031 947 337 1476 1646 1322 893 377
1032 1581 1722 679 1289 474 1489 1797
1033 1987 734 1684 660 1785 249 147
1034 938 232 2042 451 1841 1760 1669
1035 507 1012 844 352 404 1400 1666
1036 1507 725 54 1109 689 1996 334
1037 695 1760 1483 1679 1076 596 1254
1038 1524 494 1120 1207 45 1941 1604
1039 494 86 1100 1470 720 2 1776
1040 1414 569 155 434 331 66 33
1041 435 1580 1077 988 408 1186 976
1042 289 314 304 826 410 1730 693
1043 562 1768 1569 121 135 1150 885
1044 1474 901 605 1390 393 1306 929
1045 794 141 1929 583 93 1578 1968
1046 1598 380 1419 1962 1184 1925 1551
1047 228 1497 1053 974 1309 1593 818
1048 1741 1819 861 18 583 1985 580
1049 1747 1866 219 1835 1010 560 374
1050 1899 460 1867 1696 1347 1329 263
1051 230 410 2002 1096 1199 341 439
1052 1021 68 404 1753 974 740 1250
1053 1724 229 1047 938 1248 405 1869
1054 872 2023 1655 1892 1615 1523 1231
1055 581 1348 674 721 992 668 1203
1056 1062 870 1984 685 1854 476 1332
1057 446 1583 1795 636 1904 1505 1099
1058 1621 960 1531 509 1111 333 1371
1059 1202 446 1464 1570 292 1391 1379
1060 104 1858 7 504 412 1968 1599
1061 580 1889 479 290 155 1792 1612
1062 1056 878 1124 430 1600 1671 111
1063 91 2044 1335 1476 1508 460 1487
1064 656 1831 671 1889 1089 1982 95
1065 1580 226 118 1602 324 600 1494
1066 110 1977 449 527 1873 1172 936
1067 1737 1605 1398 618 1131 355 631
1068 1182 26 1071 1754 427 353 28
1069 716 1336 293 626 664 505 1119
1070 440 981 564 1788 320 1462 1741
1071 473 1183 1068 1760 538 1104 963
1072 839 375 90 163 1408 1287 1628
1073 409 1116 331 2034 1792 1361 1509
1074 2047 1502 714 1442 1001 1902 1989
1075 1096 115 1018 896 993 46 1016
1076 312 866 1679 789 1037 1700 1585
1077 1605 1906 1041 817 2040 880 406
1078 952 1178 276 454 608 1389 136
1079 251 202 407 2001 1556 95 621
1080 467 20 1917 1230 637 1986 537
1081 1774 1813 1616 1022 1598 393 1809
1082 1267 1479 447 1776 1164 1516 1463
1083 750 306 893 723 273 1141 325
1084 1325 219 667 1899 375 1963 816
1085 463 1635 1491 1937 1594 1288 103
1086 114 799 466 448 948 1415 925
1087 600 1770 1382 1594 1882 1605 601
1088 1880 480 280 74 338 1823 557
1089 1914 1202 440 353 1064 1145 151
1090 1989 82 1354 1941 236 1911 1192
1091 352 1971 1896 1501 1099 610 1967
1092 1630 1447 1266 143 1908 1606 532
1093 1428 1410 355 1493 1227 1624 11
1094 211 916 1218 619 81 2023 762
1095 116 1785 1670 1985 520 1891 2014
1096 1075 1570 1815 1051 1657 545 137
1097 1894 1966 1550 1990 1706 99 382
1098 461 50 1580 341 127 20 686
1099 233 295 832 258 1091 1424 1057
1100 147 923 1039 1158 1357 367 1145
1101 1107 1352 1777 2012 2044 240 326
1102 271 192 1239 1766 1472 1463 31
1103 1185 1661 2027 707 1693 1332 14
1104 1149 852 752 347 885 1071 48
1105 797 1402 740 174 831 615 336
1106 282 177 311 790 1140 1640 1662
1107 1101 703 1458 199 1608 570 476
1108 1830 1703 204 700 545 1811 18
1109 974 405 1356 1036 833 552 1308
1110 626 1492 1637 720 1651 1597 850
1111 15 1644 420 1768 1058 1960 1467
1112 1896 1591 966 1395 452 1312 1139
1113 1450 1856 1489 50 217 1121 856
1114 1658 647 545 1767 1527 913 745
1115 279 902 1698 118 1431 478 891
1116 689 1073 1808 1813 1800 1208 1901
1117 1168 1449 721 438 1884 746 274
1118 188 801 1704 400 1881 1814 872
1119 997 372 1822 517 465 1711 1069
1120 1135 1699 1038 890 25 716 1781
1121 407 168 1340 365 550 1113 927
1122 2026 549 1438 1487 18 1645 883
1123 1583 196 1664 1213 455 859 672
1124 540 1827 1062 859 1567 1566 1971
1125 1459 1303 1780 947 1949 111 824
1126 1761 112 911 508 1004 1778 1773
1127 967 1975 208 437 174 1721 1964
1128 373 215 30 640 26 256 4
1129 112 1924 1963 1198 1013 528 542
1130 316 1133 437 130 1204 767 465
1131 814 1024 374 765 1067 25 1878
1132 1584 1887 310 1969 364 1661 841
1133 1996 1130 183 1599 1253 1641 1637
1134 1784 746 731 343 374 1710 360
1135 1120 1707 888 404 1303 345 654
1136 1328 81 460 372 1279 778 1853
1137 655 1227 1729 1249 1440 500 508
1138 1279 928 137 1809 376 1983 1439
1139 764 491 630 25 32 1215 1112
1140 541 1823 1652 324 1106 1639 379
1141 558 1596 597 1765 1626 1083 1987
1142 753 135 316 895 777 105 1507
1143 1962 1368 1159 993 931 69 1831
1144 1926 9 778 48 1818 601 1220
1145 604 1892 401 1386 1658 1089 1100
1146 1602 1523 1455 978 84 1692 481
1147 2003 1152 1979 927 456 1203 972
1148 573 97 1810 586 1381 783 287
1149 1104 1676 1346 483 1602 1460 570
1150 1322 1022 904 278 392 1043 819
1151 667 1318 1956 551 1728 1243 77
1152 198 1147 2 1491 1586 148 1716
1153 799 299 1416 545 701 647 825
1154 647 492 1742 916 969 691 1726
1155 150 1955 621 366 245 81 1817
1156 1002 1284 462 532 51 2011 1978
1157 826 58 930 202 213 1492 1725
1158 1709 1681 1417 1100 986 1653 440
1159 919 634 1143 201 314 409 1502
1160 1864 1274 129 314 1526 232 1679
1161 920 1516 696 1882 1209 1346 647
1162 1631 1407 652 171 247 1259 1872
1163 798 516 524 571 312 1283 839
1164 1742 1290 1998 522 1082 425 2019
1165 1782 183 156 1673 1360 1658 958
1166 431 820 1273 1860 202 707 1739
1167 629 18 656 389 341 220 1256
1168 1117 1612 1477 1316 1642 1976 1549
1169 790 294 1586 1736 725 1794 1981
1170 129 1205 1209 830 43 916 1883
1171 1314 327 1668 740 1834 820 1678
1172 780 1537 981 1010 1951 1066 1581
1173 1610 1578 1980 1505 260 864 525
1174 364 1663 419 997 1520 114 1321
1175 1339 385 442 1371 1665 1636 1600
1176 1627 900 334 557 1995 678 272
1177 1232 170 465 1509 1779 926 86
1178 372 1078 2009 1992 1022 1804 207
1179 1985 1901 1709 1881 971 1913 79
1180 877 1275 498 542 1390 1632 1548
1181 1418 858 1657 920 400 325 1449
1182 1068 1000 436 54 211 818 566
1183 1555 1071 2044 1243 877 178 1586
1184 973 1281 739 1649 1046 1565 1437
1185 1103 1554 1243 901 943 8 1734
1186 588 1246 191 1398 1810 1041 1594
1187 1876 207 86 311 631 11 244
1188 456 812 727 23 1583 1787 1747
1189 549 1340 216 1909 1592 949 172
1190 688 1370 928 608 299 1526 1504
1191 396 818 612 799 13 1196 474
1192 1888 217 1307 367 323 68 1090
1193 95 1764 391 1253 379 1825 918
1194 179 788 1713 876 989 1003 1525
1195 274 1604 1844 825 344 75 1663
1196 1302 626 1812 1012 1664 1191 364
1197 1292 932 242 487 1502 1709 1938
1198 1311 806 363 1129 1985 1433 1598
1199 1794 291 707 162 1051 1295 225
1200 296 1967 495 1740 1994 1554 2020
1201 1277 1225 1702 1260 1384 1395 1561
1202 1059 1089 766 275 377 1577 1799
1203 1722 942 1014 497 272 1147 1055
1204 2044 869 317 1639 1130 1575 1876
1205 1323 1170 57 327 1426 227 548
1206 1991 693 1687 1244 773 360 417
1207 643 1244 168 1038 754 2038 57
1208 607 313 1619 168 30 1116 1641
1209 347 355 1170 1929 1161 1994 917
1210 92 650 362 726 525 637 37
1211 1424 273 26 1762 876 573 168
1212 880 37 390 763 89 847 877
1213 1012 424 78 1123 1918 564 299
1214 277 330 1658 8 774 919 1248
1215 216 1697 72 1011 356 1139 795
1216 1434 914 1942 1782 527 700 2003
1217 1900 1268 164 39 394 296 1932
1218 1259 1688 1094 134 682 1292 98
1219 1431 643 184 1516 1239 2001 318
1220 800 1655 209 1343 115 369 1144
1221 1601 253 207 185 53 1841 1835
1222 793 1763 430 1640 656 37 25
1223 1948 952 1249 1839 421 98 302
1224 1587 631 165 403 1892 559 953
1225 57 1201 934 359 782 41 197
1226 1825 200 1743 645 1011 578 55
1227 617 1137 27 225 1093 236 767
1228 610 33 1816 229 442 82 203
1229 1807 616 769 213 1540 510 1712
1230 642 1304 568 1080 540 711 211
1231 1831 2026 1467 1623 1999 1731 1054
1232 1177 1589 249 49 1553 840 1423
1233 187 661 181 1001 1799 788 2024
1234 79 666 1673 930 1451 2044 1589
1235 1245 1575 152 1846 1612 617 1492
1236 1898 1917 753 1431 1524 1430 2027
1237 208 843 1973 1967 786 1496 826
1238 955 2043 544 318 591 996 1516
1239 534 1878 1102 882 1219 1707 896
1240 74 721 701 1531 244 1967 1947
1241 1421 10 1803 384 1747 1680 1459
1242 669 964 1246 1905 133 1789 1668
1243 1480 745 1185 1183 1871 1151 923
1244 1612 1207 782 1206 42 1493 589
1245 1235 871 720 1799 1705 1690 97
1246 908 1186 1242 1307 1254 1265 910
1247 201 864 1852 840 263 2014 778
1248 1699 740 664 1006 1053 1542 1214
1249 1957 1312 1223 1137 1485 1939 2030
1250 864 1828 302 1411 1684 554 1052
1251 284 873 1978 1994 282 115 135
1252 1710 1014 1814 472 1475 147 588
1253 1349 1867 61 1193 1133 32 1584
1254 1481 1851 1272 1557 1246 1587 1037
1255 153 1261 1303 79 212 330 1417
1256 1546 263 945 725 798 966 1167
1257 1284 1980 1738 1539 1788 1616 1385
1258 38 1728 613 1364 1900 1866 505
1259 1218 1970 1966 410 1632 1162 1268
1260 874 122 1807 1201 2018 792 581
1261 1865 1255 2021 1443 132 1503 1366
1262 1941 1766 823 918 14 1 1568
1263 1851 1538 1875 727 864 666 1352
1264 438 287 787 1887 1970 693 1350
1265 518 121 220 1849 275 1246 562
1266 1834 119 1092 1611 160 100 1579
1267 1082 308 398 1658 1283 5 597
1268 620 1217 1475 525 256 1610 1259
1269 1651 412 512 828 1436 1537 1847
1270 99 2002 1395 552 1525 588 1582
1271 82 920 1707 513 110 1743 1820
1272 978 947 1254 1636 378 1414 1590
1273 737 404 1166 150 319 1885 1743
1274 1588 1160 1433 1706 641 350 689
1275 22 1180 998 120 1605 12 1819
1276 1933 1982 1692 1577 1463 787 1939
1277 1201 694 781 1869 152 376 952
1278 1721 1308 2031 154 1852 531 559
1279 1138 1834 610 1880 1136 967 258
1280 143 588 995 1401 66 1660 1361
1281 1534 1184 101 1375 494 418 789
1282 785 989 686 858 321 1651 1761
1283 181 1671 2034 1513 1267 1163 1729
1284 1257 1156 562 360 879 1652 323
1285 1453 572 700 775 1709 946 1388
1286 1362 1899 1472 637 1438 1684 195
1287 487 804 1573 1665 1590 1072 834
1288 1529 1719 106 644 1597 1085 1966
1289 213 258 1614 1032 1748 839 26
1290 980 1164 1025 494 1429 879 2
1291 593 431 1026 540 1533 624 260
1292 1197 897 802 1003 313 1218 243
1293 1335 1 682 2003 917 440 579
1294 1411 1337 1622 246 1955 1687 1935
1295 61 85 1834 710 862 1199 1828
1296 583 1687 397 1459 967 145 431
1297 488 472 2041 1540 179 23 41
1298 504 1875 1603 1370 477 1693 492
1299 1817 1677 1674 274 1963 561 1924
1300 1995 1753 1444 1440 423 379 1697
1301 320 96 684 422 1654 1028 1858
1302 1196 191 1333 382 373 1981 127
1303 417 1125 1255 108 1135 542 1976
1304 2012 1230 1647 439 1367 1880 1478
1305 478 1547 320 364 1321 1000 871
1306 561 182 750 286 17 1044 327
1307 1681 461 1192 1246 1826 1807 791
1308 337 1278 517 1428 510 382 1109
1309 1374 2046 712 1549 1047 1351 422
1310 608 2003 1629 670 1807 464 277
1311 1198 1588 1508 435 1977 1434 1676
1312 44 1249 1876 1373 1878 1112 467
1313 746 1473 88 629 1564 907 748
1314 1171 510 1893 11 1674 1733 513
1315 317 1401 1418 469 1345 59 787
1316 16 1375 1741 1168 232 934 131
1317 303 1792 559 1450 869 2017 437
1318 470 1151 218 734 2038 1840 231
1319 949 1429 59 128 1719 1855 707
1320 1532 279 1512 2035 830 1350 1362
1321 945 2033 688 330 1305 1892 1174
1322 1150 180 185 1016 1031 754 752
1323 1205 1486 1758 1566 380 975 1960
1324 1866 2034 902 1979 765 1573 1596
1325 1084 310 1681 1435 1863 1833 356
1326 900 1013 43 1027 172 366 112
1327 156 209 1914 459 1396 1735 1603
1328 1136 272 633 1785 35 616 398
1329 1788 1690 625 954 1420 1050 1910
1330 1856 1984 257 1910 564 1379 637
1331 542 301 1840 1542 309 1422 300
1332 1535 1426 1859 777 1663 1103 1056
1333 1684 828 1302 886 2016 723 482
1334 1484 163 663 45 764 156 915
1335 1293 1698 1063 956 168 517 1354
1336 411 1069 478 873 1883 618 630
1337 777 1294 986 2015 1373 1570 102
1338 641 101 901 1722 1368 993 435
1339 1175 519 288 804 901 131 1631
1340 371 1189 1121 1971 1546 303 389
1341 139 1446 1579 146 911 1366 945
1342 887 66 71 1547 383 183 1787
1343 1966 124 960 1220 264 1781 81
1344 1739 1400 126 141 914 195 1870
1345 1444 1912 1927 102 1315 351 512
1346 657 1438 1149 1781 791 1161 1855
1347 1908 827 713 1884 1050 634 220
1348 524 1055 472 742 154 562 1856
1349 1253 1590 1441 1993 1659 1444 1919
1350 1754 937 268 512 126 1320 1264
1351 1723 1557 99 614 960 1309 881
1352 686 1101 1607 1360 626 28 1263
1353 2019 436 1003 280 896 1827 464
1354 1429 848 1090 773 1722 456 1335
1355 1540 176 1007 415 1934 658 1724
1356 422 1793 1109 1728 977 538 1605
1357 582 1896 1000 1908 1100 1898 1888
1358 786 796 558 334 949 741 1486
1359 932 750 333 465 1505 758 1912
1360 115 1708 20 1352 1165 238 2038
1361 1396 657 105 176 2021 1073 1280
1362 1286 724 759 897 90 1667 1320
1363 852 251 1975 1612 253 825 870
1364 522 936 1953 1258 801 1431 1426
1365 294 278 85 1407 1649 985 1977
1366 1877 482 1632 749 761 1341 1261
1367 910 125 826 1565 1304 515 83
1368 209 1143 1516 1568 1338 192 659
1369 1492 1563 399 32 27 1879 1632
1370 678 1190 175 1298 1867 274 246
1371 1567 475 529 1175 485 1008 1058
1372 523 619 509 1030 1021 1756 343
1373 1017 708 160 1312 1337 2029 438
1374 1309 985 295 169 717 1869 1538
1375 622 1316 678 1281 2005 241 1661
1376 636 1496 244 1382 1614 1819 1615
1377 954 826 1872 116 1967 451 1521
1378 1805 526 227 153 1493 708 733
1379 227 701 1650 182 1749 1330 1059
1380 960 94 585 184 707 371 1614
1381 1477 1779 796 1697 1148 279 283
1382 1939 2007 1087 1376 632 1501 692
1383 529 865 286 623 9 1449 620
1384 299 1893 513 854 1201 1025 985
1385 724 1021 1877 7 942 1820 1257
1386 1578 612 791 1145 1624 1585 409
1387 1569 59 8 1826 751 1803 988
1388 302 1837 961 688 1991 285 1285
1389 931 128 566 671 1954 1078 854
1390 168 791 589 1044 1180 169 354
1391 599 518 1496 155 668 1059 1954
1392 1550 805 1770 69 120 1506 63
1393 640 1648 1604 80 1673 21 831
1394 1772 1577 324 941 1798 501 703
1395 823 739 1270 1112 1984 1201 593
1396 1361 1860 884 912 1327 1867 1028
1397 926 992 274 802 666 735 838
1398 430 899 1067 1186 363 212 811
1399 1468 1641 417 1890 24 724 1952
1400 681 1344 738 990 710 1035 21
1401 151 1315 1560 1280 618 834 1554
1402 160 1105 1588 639 114 487 1750
1403 327 1498 1931 1741 478 621 188
1404 989 450 1849 9 460 1437 774
1405 1780 1935 161 1952 146 790 897
1406 1460 592 44 266 451 1528 129
1407 453 1162 415 1365 40 623 874
1408 332 1657 1554 122 1072 317 586
1409 2045 1433 683 1977 235 718 1458
1410 377 1093 464 1879 2002 1620 603
1411 1294 675 773 1250 386 349 539
1412 840 998 777 1800 439 390 1946
1413 476 846 282 1756 200 1672 54
1414 1040 1639 314 1015 594 1272 2000
1415 1443 681 889 810 1813 1086 1970
1416 185 1769 1153 1951 921 1920 206
1417 94 305 1158 1732 625 777 1255
1418 1181 1475 1315 94 803 548 837
1419 1640 727 1046 724 957 635 1782
1420 1833 1552 746 269 1329 1739 608
1421 1241 1649 273 177 2019 1450 238
1422 1551 1839 75 2028 340 1331 617
1423 975 1739 797 1464 1009 685 1232
1424 1211 699 919 230 276 1099 1576
1425 1593 1738 115 1987 1866 255 651
1426 401 1332 692 265 1205 257 1364
1427 2022 23 2047 2002 1434 337 330
1428 1093 1782 145 1308 936 260 2002
1429 1354 1319 1903 1796 1290 389 584
1430 107 341 433 1989 776 1236 1813
1431 1219 1790 360 1236 1115 1364 1489
1432 1878 779 1864 684 1750 1931 1908
1433 1736 1409 1274 1551 825 1198 889
1434 1216 802 648 1833 1427 1311 821
1435 142 1778 251 1325 1027 672 773
1436 134 1477 579 966 1269 547 1730
1437 662 844 1905 1647 603 1404 1184
1438 1791 1346 1122 376 1286 30 40
1439 1685 1453 1886 736 624 142 1138
1440 857 528 525 1300 1137 269 198
1441 697 1667 1349 227 873 316 1885
1442 265 1636 322 1074 1578 1918 506
1443 1415 1798 1700 1261 671 184 1660
1444 1345 571 1300 2019 1715 1349 42
1445 576 1627 1728 1448 928 1654 218
1446 876 1341 1760 1866 1617 47 618
1447 804 1092 1710 333 1981 127 401
1448 946 1701 40 1445 522 541 1619
1449 1801 1117 1828 244 22 1383 1181
1450 1113 754 959 1317 828 1421 1852
1451 792 851 135 653 1234 1813 614
1452 639 89 2022 193 271 771 969
1453 1285 1439 402 1695 1681 160 1008
1454 1799 1943 197 429 1946 398 1755
1455 778 829 1146 1707 401 837 1524
1456 6 1865 4 1705 1740 294 8
1457 35 874 574 440 156 462 132
1458 1837 959 1107 338 533 1534 1409
1459 1125 573 32 1296 335 642 1241
1460 1406 975 1676 1550 57 1149 362
1461 1890 344 1756 255 2034 1842 1
1462 146 891 323 456 370 1070 533
1463 378 599 694 1742 1276 1102 1082
1464 950 1776 1059 1423 748 1488 943
1465 1478 542 139 1635 924 406 141
1466 1910 688 818 1802 504 1974 1983
1467 257 234 1231 1748 537 1512 1111
1468 1399 1631 1624 846 7 1511 920
1469 457 429 922 705 650 1722 673
1470 594 1618 1584 1039 1610 302 384
1471 315 1759 895 217 94 2003 1991
1472 204 1696 1286 1859 1102 1890 880
1473 180 1313 210 852 616 1953 1496
1474 1044 765 1694 603 1532 890 504
1475 906 1418 1268 136 1252 1626 180
1476 1923 550 1031 1063 1833 1029 701
1477 1381 1436 1168 515 19 520 434
1478 1465 1679 916 2000 1488 1767 1304
1479 1019 1082 2025 519 487 906 999
1480 1243 770 91 1883 546 799 80
1481 1254 28 395 767 1531 130 139
1482 183 807 763 1619 547 808 227
1483 259 1846 1037 1543 1924 61 1810
1484 1334 1936 261 1667 230 951 442
1485 1541 353 236 1661 1249 2008 619
1486 802 1323 1571 937 349 1614 1358
1487 803 637 622 1122 702 394 1063
1488 903 1017 825 1823 1478 1464 273
1489 807 470 1113 889 934 1032 1431
1490 1687 1938 423 368 304 133 567
1491 687 1587 1085 1152 577 2032 904
1492 1369 1110 348 436 417 1157 1235
1493 28 188 1889 1093 1378 1244 806
1494 2015 12 1833 768 691 1011 1065
1495 1683 1908 271 1848 1734 264 212
1496 73 1376 1391 1688 729 1237 1473
1497 1632 1047 159 481 673 1832 1508
1498 365 1403 541 1978 38 1010 2031
1499 929 75 578 716 647 514 286
1500 1697 316 1620 558 1861 897 978
1501 4 249 885 1091 549 1382 1913
1502 1857 1074 393 411 1197 289 1159
1503 976 416 1006 1873 1012 1261 1829
1504 1719 2047 1972 1591 781 646 1190
1505 384 1969 389 1173 1359 1057 100
1506 1954 1539 956 67 584 1392 395
1507 1036 187 357 1798 1580 413 1142
1508 1790 99 1311 1814 1063 190 1497
1509 341 861 141 1177 517 132 1073
1510 970 1669 1955 151 716 774 460
1511 432 907 133 929 218 1468 845
1512 1617 14 1320 1583 617 1467 1840
1513 623 1010 1884 1283 1544 1609 66
1514 106 2019 13 962 855 931 2023
1515 1702 379 445 815 1026 1591 507
1516 2034 1161 1368 1219 5 1082 1238
1517 1907 2031 65 1578 226 1847 452
1518 200 1949 954 635 138 2036 1681
1519 403 1931 857 313 142 365 1733
1520 1642 386 231 10 1174 16 1833
1521 13 1668 697 1690 2029 461 1377
1522 479 1582 1798 601 990 1828 122
1523 828 1146 1769 457 622 1054 241
1524 1038 1954 148 226 1236 1625 1455
1525 81 830 2036 1657 1270 1853 1194
1526 355 1683 340 1659 1160 1190 1951
1527 442 2045 1957 547 1114 751 2025
1528 816 813 1625 565 459 1406 181
1529 1288 433 1561 1716 739 1657 541
1530 993 90 1638 664 1824 282 1709
1531 288 76 1058 1240 1481 1759 984
1532 1320 8 1935 1847 1474 687 742
1533 1809 883 793 62 1291 134 76
1534 1281 1706 154 1912 1874 1458 45
1535 1332 390 1642 780 552 243 202
1536 1010 307 540 467 440 954 718
1537 531 1172 1753 971 20 1269 2043
1538 2030 1263 1996 157 743 1897 1374
1539 999 1506 817 1257 1961 1607 267
1540 1355 103 602 1297 1229 1708 516
1541 1485 832 774 200 161 532 1748
1542 1885 381 813 1331 636 1248 85
1543 1679 1767 98 1483 808 645 1826
1544 261 169 785 249 1513 388 247
1545 338 711 1636 1749 1889 544 1988
1546 1256 244 1764 1758 1340 924 1803
1547 351 1305 384 1342 1577 146 94
1548 474 1925 37 1605 1815 1924 1180
1549 1024 1730 102 1309 1551 63 1168
1550 1392 1983 1097 1460 382 557 2006
1551 1422 929 285 1433 1549 301 1046
1552 624 1420 51 1598 996 989 408
1553 349 1928 74 282 1232 1797 351
1554 1918 1185 1408 489 416 1200 1401
1555 1183 524 809 1862 1585 293 1754
1556 506 499 926 1021 1079 1757 46
1557 927 1351 438 1254 1573 925 208
1558 335 1809 698 808 329 875 1848
1559 893 1822 868 580 935 321 381
1560 775 679 1401 1571 1895 137 285
1561 745 193 1529 678 836 486 1201
1562 1706 1736 223 1686 201 680 251
1563 1600 1369 588 611 738 697 2036
1564 20 606 1653 442 1313 1870 2029
1565 538 1937 463 1367 443 1184 305
1566 445 2020 1608 1323 58 1124 993
1567 1371 814 1887 1900 1124 1007 728
1568 1715 521 373 1368 171 14 1262
1569 1387 692 1043 183 79 1717 553
1570 1897 1096 1613 1059 453 1337 174
1571 951 876 1486 1560 170 604 367
1572 902 819 1811 1930 433 940 221
1573 1836 862 1287 514 1557 1324 255
1574 447 1843 577 926 1731 287 183
1575 1654 1235 1697 646 963 1204 222
1576 1887 915 987 4 518 268 1424
1577 646 1394 243 1276 1547 1202 192
1578 1386 1173 1605 1517 1442 1045 977
1579 250 1743 1341 654 1630 322 1266
1580 1065 1041 1098 647 1507 889 6
1581 1032 166 505 967 732 221 1172
1582 1756 1522 484 348 623 1948 1270
1583 1123 1057 1951 1512 1188 769 1975
1584 1132 105 1470 1946 169 1613 1253
1585 441 365 1787 1633 1555 1386 1076
1586 660 833 1169 2006 1152 73 1183
1587 1224 1491 211 649 1644 1254 289
1588 1274 1311 1402 179 704 1908 578
1589 472 1232 518 2011 768 715 1234
1590 306 1349 924 237 1287 765 1272
1591 546 1112 866 1504 37 1515 448
1592 609 4 1883 1596 1189 1765 16
1593 1425 922 1024 188 835 1047 1942
1594 157 948 79 1087 1085 140 1186
1595 632 11 815 478 1957 652 269
1596 637 1141 235 1592 1723 1784 1324
1597 1958 668 39 1827 1288 1110 786
1598 1046 691 238 1552 1081 312 1198
1599 964 1881 510 1133 361 2045 1060
1600 1563 421 808 694 1062 391 1175
1601 1221 1613 215 64 868 102 1818
1602 1146 401 275 1065 1149 319 190
1603 1688 203 1298 940 1733 756 1327
1604 189 1195 1393 1991 981 408 1038
1605 1077 1067 1578 1548 1275 1087 1356
1606 297 322 1894 597 1998 1092 924
1607 1008 970 1352 1857 39 1539 804
1608 1823 720 1566 832 1107 719 433
1609 1725 641 270 1715 1622 1513 480
1610 1173 950 176 170 1470 1268 484
1611 175 831 1685 1266 1717 157 352
1612 1244 1168 34 1363 1235 1930 1061
1613 1020 1601 1570 878 473 1584 454
1614 86 1897 1289 475 1376 1486 1380
1615 1022 225 814 240 1054 918 1376
1616 732 785 1081 235 191 1257 2026
1617 1512 228 790 340 1446 701 785
1618 1657 1470 95 310 461 1816 487
1619 439 1826 1208 1482 265 1724 1448
1620 1629 268 1500 1664 2015 1410 1762
1621 1058 1907 755 309 611 138 104
1622 774 160 1294 234 1609 210 133
1623 1922 1998 1982 1231 1768 380 715
1624 225 0 1468 322 1386 1093 1836
1625 923 462 1528 1668 542 1524 319
1626 1905 1718 1821 530 1141 1475 711
1627 1176 1445 279 28 296 42 1696
1628 519 751 616 1803 1656 1873 1072
1629 1620 16 1310 1790 1714 603 1693
1630 1092 1751 1923 377 1579 364 960
1631 1162 1468 835 931 516 876 1339
1632 1497 171 1366 123 1259 1180 1369
1633 496 1666 1011 1585 1821 585 560
1634 444 935 503 1747 466 791 22
1635 568 1085 1005 1465 596 231 282
1636 971 1442 1545 1272 270 1175 179
1637 19 399 1110 1772 1752 772 1133
1638 725 971 1530 856 797 665 486
1639 370 1414 1740 1204 706 1140 113
1640 1419 1926 657 1222 690 1106 643
1641 1765 1399 45 575 1757 1133 1208
1642 1520 773 1535 1830 1168 1808 353
1643 1891 173 344 355 975 272 1694
1644 1730 1111 639 1916 1587 1030 987
1645 283 582 225 794 481 1122 763
1646 451 281 158 1031 1742 1874 2035
1647 217 607 1304 1437 541 1686 73
1648 819 1393 1791 207 1958 91 1772
1649 672 1421 719 1184 1365 896 720
1650 1786 980 1379 1812 1773 124 1010
1651 1269 1011 1802 284 1110 1282 2042
1652 1798 140 1140 299 238 1284 1707
1653 5 1737 1564 1828 457 1158 144
1654 1575 238 412 910 1301 1445 2041
1655 1766 1220 1054 1773 2033 482 2021
1656 1757 1702 222 268 1628 595 803
1657 1618 1408 1181 1525 1096 1529 697
1658 1114 137 1214 1267 1145 1165 1728
1659 498 628 201 1526 1349 445 1936
1660 537 241 138 563 894 1280 1443
1661 597 1103 84 1485 353 1132 1375
1662 1815 856 1904 1723 1817 372 1106
1663 924 1174 494 1808 1332 246 1195
1664 878 712 1123 1620 1196 318 1866
1665 414 1800 890 1287 1175 2030 583
1666 1868 1633 410 1831 1017 1695 1035
1667 838 1441 1720 1484 98 1362 149
1668 959 1521 1171 1625 555 710 1242
1669 758 1510 263 1810 749 447 1034
1670 879 1833 1095 865 2008 870 930
1671 1026 1283 1735 425 675 1062 164
1672 295 545 537 915 402 1413 1922
1673 779 570 1234 1165 1393 1849 769
1674 1928 986 1299 746 1314 509 1898
1675 497 977 1788 293 203 2016 1889
1676 659 1149 1460 16 91 65 1311
1677 740 1299 770 1865 1718 674 1849
1678 890 248 629 1832 221 556 1171
1679 1543 1478 1076 1037 1968 684 1160
1680 833 1844 733 587 790 1241 1714
1681 1307 1158 1325 1940 1453 1764 1518
1682 486 792 950 53 384 644 385
1683 1495 1526 650 482 390 1989 551
1684 1333 1986 1033 1820 1250 1286 199
1685 1439 161 1611 847 585 1899 234
1686 1960 54 69 1562 581 1647 571
1687 1490 1296 1206 945 1766 1294 679
1688 1603 1218 715 1496 651 116 1860
1689 360 1990 923 2033 694 1829 944
1690 452 1329 123 1521 968 1245 43
1691 535 733 709 35 209 1727 107
1692 229 944 1276 2032 223 1146 781
1693 577 2032 403 2024 1103 1298 1629
1694 935 988 1474 891 676 502 1643
1695 465 130 810 1453 328 1666 394
1696 631 1472 318 1050 916 803 1627
1697 1500 1215 1575 1381 198 348 1300
1698 323 1335 1115 501 1937 606 411
1699 1248 1120 964 737 82 4 423
1700 17 677 1443 1763 108 1076 71
1701 810 1448 644 667 811 702 386
1702 1515 1656 1201 960 6 1884 363
1703 805 1108 980 124 492 209 1949
1704 1846 100 1118 711 1812 479 324
1705 934 1874 24 1456 1245 1973 466
1706 1562 1534 925 1274 1097 553 743
1707 2018 1135 1271 1455 1771 1239 1652
1708 70 1360 1925 127 1859 1540 315
1709 1158 489 1179 1024 1285 1197 1530
1710 1252 222 1447 470 233 1134 653
1711 1930 254 1999 699 162 1119 1865
1712 652 51 254 801 424 1774 1229
1713 1902 895 1194 704 83 383 677
1714 206 2021 1853 1924 1629 275 1680
1715 1568 1869 729 1609 1444 56 848
1716 530 817 638 1529 663 1888 1152
1717 458 1909 1747 655 1611 1569 961
1718 1732 1626 499 1014 1677 709 130
1719 1504 1288 732 418 1319 955 496
1720 701 548 1667 942 2023 1771 646
1721 1278 1932 586 913 953 1127 771
1722 1203 1032 264 1338 1354 1469 296
1723 1351 351 1871 1662 1596 899 1727
1724 1053 456 538 329 447 1619 1355
1725 1609 934 411 559 958 1732 1157
1726 1802 921 213 1864 1936 286 1154
1727 499 235 550 1976 1847 1691 1723
1728 162 1258 1445 1356 1151 773 1658
1729 907 976 1137 463 1803 472 1283
1730 1644 1549 978 1816 851 1042 1436
1731 563 904 2008 751 1574 1231 1842
1732 1718 885 247 1417 318 1725 724
1733 1952 644 262 625 1603 1314 1519
1734 566 530 668 486 1495 807 1185
1735 224 67 1671 361 652 1327 694
1736 1433 1562 617 1169 396 159 757
1737 1067 1653 1967 38 612 883 1757
1738 1818 1425 1257 2010 287 1950 798
1739 1344 1423 570 648 526 1420 1166
1740 986 488 1639 1200 1456 507 1766
1741 1048 227 1316 1403 1913 332 1070
1742 1164 1825 1154 1463 1646 670 7
1743 426 1579 1226 813 888 1271 1273
1744 2027 95 1799 270 654 1795 1880
1745 899 346 953 1853 530 1768 200
1746 2 1992 111 843 2045 370 867
1747 1049 2013 1717 1634 1241 580 1188
1748 1963 394 1910 1467 1289 424 1541
1749 731 1802 842 1545 1379 434 836
1750 770 2038 587 968 1432 34 1402
1751 679 1630 599 291 770 607 1769
1752 550 332 232 82 1637 2018 629
1753 8 1300 1537 1052 780 443 954
1754 1350 700 245 1068 2039 1831 1555
1755 536 285 804 615 311 194 1454
1756 1582 529 1461 1413 1805 1372 178
1757 1656 1841 289 708 1641 1556 1737
1758 675 43 1323 1546 814 1903 957
1759 1973 1471 767 1872 827 1531 1994
1760 285 1037 1446 1071 932 1034 968
1761 1126 903 1029 1970 639 93 1282
1762 449 912 112 1211 436 534 1620
1763 691 1222 1784 1700 913 76 268
1764 784 1193 1546 823 556 1681 53
1765 1641 722 496 1141 70 1592 797
1766 1655 1262 736 1102 1687 189 1740
1767 376 1543 1948 1114 571 1478 1014
1768 818 1043 278 1111 1623 1745 24
1769 551 1416 1523 117 1943 744 1751
1770 1803 1087 1392 414 715 200 391
1771 663 601 1827 140 1707 1720 265
1772 1394 117 23 1637 1777 821 1648
1773 1943 323 1793 1655 1650 261 1126
1774 1081 600 146 756 746 1712 1790
1775 2039 547 361 538 965 112 1788
1776 895 1464 193 1082 982 466 1039
1777 1976 972 1101 1973 1772 1921 817
1778 645 1435 347 75 766 1126 1873
1779 89 1381 858 1829 1177 725 214
1780 1405 108 1125 783 713 1943 36
1781 1886 63 2043 1346 736 1343 1120
1782 1165 1428 1941 1216 570 335 1419
1783 109 758 1854 553 944 1817 835
1784 1134 822 1763 57 954 1596 78
1785 752 1095 493 1328 1033 182 975
1786 1650 639 444 295 586 165 210
1787 392 506 1585 488 1910 1188 1342
1788 1329 1957 1675 1070 1257 1992 1775
1789 694 468 511 1885 587 1242 933
1790 1508 1431 710 1629 800 72 1774
1791 1438 1961 1648 468 892 1854 1863
1792 421 1317 2003 407 1073 1061 1001
1793 237 1356 1773 1911 1960 750 58
1794 1199 471 1820 119 493 1169 304
1795 399 269 1057 419 1948 1744 1824
1796 809 339 2015 1429 1835 185 670
1797 55 146 1958 529 128 1553 1032
1798 1652 1443 1522 1507 1394 1935 1963
1799 1454 816 1744 1245 1233 775 1202
1800 167 1665 905 1412 1116 2039 388
1801 1449 717 571 1855 2013 416 681
1802 1726 1749 1651 1466 575 234 625
1803 1770 884 1241 1628 1729 1387 1546
1804 124 546 450 264 633 1178 543
1805 1378 598 976 1919 1756 1836 237
1806 131 525 792 622 964 1023 893
1807 1229 1991 1260 1957 1310 1307 117
1808 501 777 1116 1663 47 1642 0
1809 1533 1558 1832 1138 1025 266 1081
1810 1931 98 1148 1669 1186 310 1483
1811 834 803 1572 464 180 1108 691
1812 939 587 1196 1650 1704 444 105
1813 728 1081 508 1116 1415 1451 1430
1814 1848 648 1252 1508 816 1118 2028
1815 1662 473 1096 666 1548 892 1916
1816 969 566 1228 1730 698 1618 444
1817 1299 106 724 669 1662 1783 1155
1818 1738 369 799 1893 1144 1835 1601
1819 100 1048 658 1914 926 1376 1275
1820 841 368 1794 1684 208 1385 1271
1821 998 44 1626 2030 1633 909 322
1822 886 1559 1119 1852 572 108 956
1823 1608 1140 195 1488 792 1088 156
1824 685 1025 533 1954 1530 555 1795
1825 1226 1742 583 628 752 1193 962
1826 23 1619 151 1387 1307 805 1543
1827 1853 1124 1771 1597 369 1353 712
1828 618 1250 1449 1653 330 1522 1295
1829 1934 1002 1945 1779 653 1689 1503
1830 1108 1007 637 1642 222 574 906
1831 1231 1064 92 1666 96 1754 1143
1832 1912 158 1809 1678 645 1497 862
1833 1420 1670 1494 1434 1476 1325 1520
1834 1266 1279 1295 86 1171 163 316
1835 381 1989 365 1049 1796 1818 1221
1836 1573 282 969 706 519 1805 1624
1837 1458 1388 127 203 11 569 250
1838 197 1904 70 881 1 97 495
1839 508 1422 915 1223 753 179 1972
1840 835 359 1331 104 469 1318 1512
1841 1889 1757 1962 798 1034 1221 754
1842 2001 7 970 1936 857 1461 1731
1843 2005 1574 935 771 858 1907 1982
1844 258 1680 1195 328 684 921 126
1845 941 312 627 41 712 463 674
1846 1704 1483 584 1235 588 831 2013
1847 1940 539 946 1532 1727 1517 1269
1848 1814 583 296 1495 512 974 1558
1849 2035 854 1404 1265 606 1673 1677
1850 126 13 662 933 479 403 965
1851 1263 1254 471 1975 1950 599 2034
1852 1014 911 1247 1822 1278 415 1450
1853 1827 646 1714 1745 760 1525 1136
1854 420 755 1783 729 1056 1791 873
1855 1967 403 938 1801 842 1319 1346
1856 1330 1113 124 474 1896 143 1348
1857 1502 636 453 1607 2001 473 312
1858 318 1060 17 791 1941 1958 1301
1859 111 508 1332 1472 1708 986 1026
1860 387 1396 1012 1166 491 347 1688
1861 406 1029 1878 21 1500 84 387
1862 677 774 708 1555 1982 546 639
1863 605 635 1008 190 1325 789 1791
1864 1160 164 1432 1726 1007 872 56
1865 1261 1456 821 1677 506 2046 1711
1866 1324 1049 572 1446 1425 1258 1664
1867 1023 1253 1050 349 1370 1396 429
1868 1666 514 277 345 933 2043 372
1869 96 1715 446 1277 907 1374 1053
1870 591 181 843 427 937 1564 1344
1871 961 894 1723 2022 1243 248 649
1872 985 747 1377 1759 1898 1887 1162
1873 1915 289 845 1503 1066 1628 1778
1874 825 1705 1918 1028 1534 1646 321
1875 191 1298 1263 44 567 373 661
1876 1187 1877 1312 297 523 602 1204
1877 1366 1876 1385 2039 806 433 842
1878 1432 1239 1861 816 1312 1015 1131
1879 1944 808 772 1410 471 1369 2045
1880 1088 265 116 1279 1930 1304 1744
1881 693 1599 2004 1179 1118 829 869
1882 1980 660 819 1161 1087 720 159
1883 1919 930 1592 1480 1336 208 1170
1884 36 649 1513 1347 1117 1702 70
1885 1542 968 287 1789 381 1273 1441
1886 1781 880 1439 180 883 525 349
1887 1576 1132 1567 1264 1962 1872 690
1888 1192 324 319 27 1922 1716 1357
1889 1841 1061 1493 1064 1545 218 1675
1890 1461 824 555 1399 241 1472 331
1891 1643 967 887 2031 67 1095 556
1892 901 1145 230 1054 1224 1321 590
1893 460 1384 1314 1818 2022 539 84
1894 1097 1964 1606 757 239 421 775
1895 170 585 806 1903 1560 868 994
1896 1112 1357 1091 331 1856 262 2037
1897 1570 1614 1017 29 188 1538 550
1898 1236 2028 388 277 1872 1357 1674
1899 1050 1286 1015 1084 360 1685 758
1900 1217 1952 971 1567 1258 356 10
1901 395 1179 49 914 897 359 1116
1902 1713 584 896 613 129 1074 405
1903 287 896 1429 1895 78 1758 805
1904 93 1838 1662 834 1057 533 665
1905 1626 2006 1437 1242 750 291 425
1906 510 1077 539 22 532 340 687
1907 1517 1621 377 55 1939 1843 154
1908 1347 1495 830 1357 1092 1588 1432
1909 761 1717 491 1189 695 835 624
1910 1466 243 1748 1330 1787 640 1329
1911 916 954 882 1793 991 1090 239
1912 1832 1345 428 1534 2035 956 1359
1913 1005 889 872 805 1741 1179 1501
1914 1089 886 1327 1819 939 141 219
1915 1873 735 626 107 33 549 939
1916 172 973 880 1644 822 343 1815
1917 374 1236 1080 253 444 235 403
1918 1554 444 1874 703 1213 1442 278
1919 1883 949 837 1805 225 673 1349
1920 7 555 177 570 334 1416 732
1921 668 868 932 498 2009 1777 311
1922 1623 850 385 135 1888 1997 1672
1923 1476 772 1630 693 1928 988 859
1924 492 1129 900 1714 1483 1548 1299
1925 1970 1548 1708 98 513 1046 1005
1926 1144 1640 607 446 49 755 627
1927 702 2012 1345 965 1002 276 857
1928 1674 1553 788 1000 1923 592 947
1929 361 836 1045 1209 548 589 903
1930 1711 3 64 1572 1880 1612 1011
1931 1810 1519 1403 806 28 1432 341
1932 43 1721 640 285 422 1990 1217
1933 1276 638 441 518 305 339 1973
1934 1829 622 853 510 1355 38 849
1935 158 1405 1532 999 819 1798 1294
1936 861 1484 221 1842 1726 987 1659
1937 1003 1565 328 1085 1698 1020 921
1938 304 1490 563 152 905 1978 1197
1939 1382 449 996 91 1907 1249 1276
1940 1847 127 387 1681 1024 912 375
1941 1262 1995 1782 1090 1858 1038 1943
1942 736 388 1216 861 414 397 1593
1943 1773 1454 199 271 1769 1780 1941
1944 1879 116 606 595 705 727 796
1945 749 57 1829 885 615 459 671
1946 1018 458 655 1584 1454 407 1412
1947 2020 670 2006 1004 605 1019 1240
1948 1223 908 1767 58 1795 1582 371
1949 831 1518 623 661 1125 110 1703
1950 990 706 989 210 1851 1738 468
1951 484 213 1583 1416 1172 973 1526
1952 1733 1900 179 1405 755 830 1399
1953 276 206 1364 15 99 1473 1006
1954 1506 1524 375 1824 1389 628 1391
1955 996 1155 1510 812 1294 530 1002
1956 328 730 1151 76 723 537 1012
1957 1249 1788 1527 1807 1595 982 30
1958 1597 1972 1797 43 1648 1858 971
1959 1986 718 515 356 2017 614 469
1960 1686 809 337 1020 1793 1111 1323
1961 585 1791 15 158 1539 794 261
1962 1143 302 1841 1046 1887 2012 536
1963 1748 216 1129 906 1299 1084 1798
1964 928 1894 392 261 167 284 1127
1965 48 396 281 998 345 128 523
1966 1343 1097 1259 755 728 801 1288
1967 1855 1200 1737 1237 1377 1240 1091
1968 742 2041 1991 114 1679 1060 1045
1969 466 1505 9 1132 709 759 412
1970 1925 1259 940 1761 1264 659 1415
1971 1015 1091 308 1340 130 908 1124
1972 553 1958 1504 259 107 334 1839
1973 1759 236 1237 1777 854 1705 1933
1974 723 224 163 6 793 1466 753
1975 14 1127 1363 1851 679 654 1583
1976 1777 139 485 1727 118 1168 1303
1977 708 1066 547 1409 1311 749 1365
1978 718 910 1251 1498 75 1938 1156
1979 741 407 1147 1324 918 671 852
1980 1882 1257 1173 387 210 297 229
1981 748 888 36 218 1447 1302 1169
1982 511 1276 1623 342 1862 1064 1843
1983 683 1550 614 490 863 1138 1466
1984 943 1330 1056 405 1395 292 941
1985 1179 753 526 1095 1198 1048 983
1986 1959 1684 628 220 927 1080 995
1987 1033 486 359 1425 56 543 1141
1988 714 320 332 845 187 976 1545
1989 1090 1835 128 1430 428 1683 1074
1990 992 1689 214 1097 104 1932 248
1991 1206 1807 1968 1604 1388 844 1471
1992 137 1746 490 1178 268 1788 599
1993 911 498 97 1349 432 2004 23
1994 575 110 927 1251 1200 1209 1759
1995 1300 1941 233 690 1176 107 158
1996 1133 56 1538 880 63 1036 737
1997 570 149 751 665 607 1922 959
1998 268 1623 1164 935 1606 80 457
1999 682 83 1711 319 1231 306 366
2000 34 210 327 1478 887 3 1414
2001 1842 453 618 1079 1857 1219 731
2002 220 1270 1051 1427 1410 362 1428
2003 1147 1310 1792 1293 543 1471 1216
2004 68 334 1881 643 387 1993 615
2005 1843 297 974 950 1375 40 900
2006 963 1905 1947 1586 1006 856 1550
2007 739 1382 103 590 145 1018 153
2008 868 144 1731 541 1670 1485 853
2009 184 671 1178 1009 1921 420 863
2010 859 356 665 1738 173 307 611
2011 658 581 636 1589 159 1156 1000
2012 1304 1927 917 1101 194 1962 840
2013 65 1747 136 872 1801 535 1846
2014 309 821 552 582 849 1247 1095
2015 1494 839 1796 1337 1620 489 204
2016 410 925 174 2040 1333 1675 29
2017 584 425 723 944 1959 1317 461
2018 1707 2039 409 539 1260 1752 59
2019 1353 1514 488 1444 1421 932 1164
2020 1947 1566 473 283 708 903 1200
2021 654 1714 1261 191 1361 117 1655
2022 1427 345 1452 1871 1893 620 485
2023 243 1054 352 584 1720 1094 1514
2024 933 563 913 1693 787 650 1233
2025 27 596 1479 471 734 704 1527
2026 1122 1231 144 416 699 188 1616
2027 1744 931 1103 617 139 675 1236
2028 325 1898 1016 1422 759 843 1814
2029 806 448 53 215 1521 1373 1564
2030 1538 1004 534 1821 987 1665 1249
2031 769 1517 1278 1891 613 228 1498
2032 2038 1693 624 1692 592 1491 815
2033 994 1321 435 1689 1655 113 669
2034 1516 1324 1283 1073 1461 643 1851
2035 1849 398 469 1320 1912 481 1646
2036 670 276 1525 871 649 1518 1563
2037 921 360 514 224 102 253 1896
2038 2032 1750 368 2044 1318 1207 1360
2039 1775 2018 560 1877 1754 1800 602
2040 123 406 35 2016 1077 121 522
2041 307 1968 1297 336 973 712 1654
2042 866 347 1034 147 181 290 1651
2043 1013 1238 1781 441 350 1868 1537
2044 1204 1063 1183 2038 1101 1234 446
2045 1409 1527 46 722 1746 1599 1879
2046 173 1309 632 380 122 1865 829
2047 1074 1504 1427 696 648 576 134
