512
0 302 167 44 253 457 74
1 453 13 249 495 223 356
2 263 454 332 472 39 85
3 22 442 474 314 450 280
4 210 388 239 5 429 265
5 324 65 276 4 212 100
6 58 250 376 18 132 400
7 252 403 9 387 291 161
8 30 393 126 268 506 247
9 496 238 7 390 160 320
10 29 286 508 339 242 443
11 69 409 417 98 374 439
12 189 168 51 443 464 24
13 431 1 158 251 349 22
14 360 336 484 46 432 98
15 267 133 319 162 397 159
16 260 493 410 101 262 135
17 91 114 128 418 191 181
18 264 169 31 6 360 214
19 380 25 366 434 97 302
20 311 134 107 433 489 241
21 268 472 141 343 37 118
22 3 82 152 309 348 13
23 334 398 136 245 157 60
24 460 145 227 377 216 12
25 160 19 280 326 209 414
26 361 323 53 179 260 147
27 87 181 322 301 136 426
28 212 144 292 163 313 286
29 10 149 45 345 456 294
30 8 360 386 72 484 361
31 341 150 18 407 465 211
32 500 42 330 294 460 240
33 265 157 135 400 431 63
34 183 446 155 84 145 438
35 120 140 419 453 229 122
36 75 350 69 212 496 333
37 414 98 281 208 21 223
38 65 163 109 424 178 486
39 162 490 183 51 2 233
40 244 440 170 429 153 433
41 368 429 130 349 405 326
42 490 32 299 234 353 430
43 355 197 315 258 180 303
44 297 147 0 357 56 509
45 293 115 29 322 88 78
46 416 287 360 14 268 347
47 221 152 132 481 266 348
48 306 481 430 499 219 364
49 237 312 464 73 235 195
50 497 311 188 379 59 179
51 231 174 12 39 259 501
52 484 208 223 422 203 97
53 154 296 26 305 289 340
54 204 110 431 137 182 156
55 196 466 370 415 381 431
56 230 199 320 271 44 143
57 151 477 80 172 385 422
58 6 506 149 104 107 200
59 350 478 157 89 50 281
60 338 397 304 168 96 23
61 313 217 201 103 200 325
62 507 265 451 330 220 127
63 462 468 118 239 148 33
64 207 441 169 336 326 429
65 38 5 294 187 258 145
66 290 148 438 92 254 432
67 505 285 426 511 128 436
68 133 101 414 505 422 272
69 11 160 36 508 451 386
70 493 452 83 355 325 407
71 227 444 293 180 342 381
72 429 291 106 30 91 375
73 354 371 160 49 210 92
74 465 103 163 200 197 0
75 36 451 422 352 87 374
76 122 247 91 140 402 249
77 152 111 138 191 125 83
78 209 258 496 465 454 45
79 158 406 253 171 169 350
80 347 216 57 122 243 105
81 327 352 110 421 302 157
82 449 22 146 295 333 336
83 325 126 70 364 329 77
84 373 108 457 34 283 387
85 408 272 207 293 114 2
86 194 193 467 410 104 230
87 27 439 112 480 75 342
88 466 482 374 462 45 511
89 273 458 172 59 285 479
90 445 386 479 267 226 242
91 17 136 76 389 72 95
92 217 347 242 66 150 73
93 459 252 363 156 218 354
94 305 248 428 446 350 198
95 510 155 411 298 501 91
96 283 179 313 117 60 363
97 138 471 208 491 19 52
98 147 37 396 11 440 14
99 333 504 103 198 133 180
100 467 313 476 232 221 5
101 372 68 104 16 493 312
102 284 170 355 261 126 116
103 281 74 99 61 198 497
104 322 164 101 58 86 167
105 115 476 274 358 217 80
106 419 344 72 396 332 138
107 472 354 20 471 58 428
108 451 84 165 342 433 397
109 166 314 38 380 225 368
110 239 54 81 138 255 140
111 240 77 272 371 375 255
112 220 188 87 199 193 367
113 377 138 151 220 173 297
114 316 17 429 455 85 150
115 105 45 346 419 355 452
116 468 353 490 328 409 102
117 144 196 195 96 172 219
118 186 370 63 211 213 21
119 179 280 349 192 441 136
120 35 456 279 445 307 385
121 143 449 339 383 269 282
122 76 357 427 80 372 35
123 489 225 181 307 228 269
124 249 260 507 388 319 393
125 190 283 305 128 77 158
126 392 83 8 302 102 477
127 364 453 129 459 310 62
128 188 320 17 125 67 485
129 369 358 127 240 199 264
130 495 422 41 341 351 149
131 403 230 446 402 296 395
132 216 139 47 182 6 316
133 68 15 342 376 99 435
134 383 20 156 228 426 406
135 245 143 33 441 155 16
136 163 91 23 439 27 119
137 337 469 173 54 251 196
138 97 113 77 110 271 106
139 417 132 433 325 384 177
140 232 35 351 76 311 110
141 206 445 21 427 267 152
142 288 236 335 479 509 194
143 121 135 359 166 476 56
144 117 28 329 273 466 244
145 326 24 295 398 34 65
146 398 381 82 468 459 473
147 98 44 384 399 341 26
148 476 66 204 381 63 440
149 180 29 58 344 284 130
150 301 31 358 238 92 114
151 57 184 113 353 438 373
152 77 47 22 397 211 141
153 448 309 480 373 40 287
154 53 483 503 278 334 437
155 259 95 34 501 135 352
156 307 177 134 93 166 54
157 255 33 59 184 23 81
158 79 251 13 440 436 125
159 353 438 256 432 190 15
160 25 69 73 385 9 176
161 415 475 254 406 188 7
162 39 335 441 15 294 205
163 136 38 74 28 247 331
164 378 104 347 420 290 183
165 426 240 108 368 276 507
166 109 300 198 143 156 462
167 421 0 418 401 396 104
168 376 12 456 60 245 402
169 275 18 64 509 79 411
170 348 102 40 197 445 250
171 501 502 450 79 475 289
172 478 270 89 57 117 261
173 413 385 137 231 113 390
174 271 51 312 214 491 474
175 218 384 364 252 380 327
176 394 338 317 210 320 160
177 329 156 264 478 272 139
178 494 219 311 340 38 469
179 119 96 437 26 300 50
180 149 220 196 71 43 99
181 266 27 123 447 439 17
182 433 474 463 132 54 197
183 34 348 39 490 494 164
184 483 151 478 157 470 290
185 386 436 388 188 483 190
186 118 234 273 321 339 345
187 482 209 399 65 389 465
188 128 112 50 185 161 510
189 12 387 278 315 336 318
190 125 432 291 256 159 185
191 205 212 252 77 17 299
192 211 367 218 119 414 258
193 340 86 485 279 112 248
194 86 382 475 327 410 142
195 438 203 117 372 356 49
196 55 117 180 365 500 137
197 390 43 434 170 74 182
198 422 431 166 99 103 94
199 387 56 213 112 129 245
200 289 249 406 74 61 58
201 358 237 61 483 424 209
202 215 417 460 269 373 409
203 294 195 220 430 52 382
204 54 465 148 254 352 277
205 191 271 497 289 277 162
206 141 480 267 221 477 476
207 64 349 85 284 324 231
208 446 52 97 37 413 292
209 78 187 436 411 25 201
210 4 325 296 176 73 444
211 192 317 225 118 152 31
212 28 191 468 36 5 283
213 299 362 199 460 118 351
214 464 334 324 174 293 18
215 202 333 415 346 462 480
216 132 80 219 249 24 413
217 92 61 506 500 105 276
218 175 364 192 348 93 401
219 405 178 216 416 48 117
220 112 180 203 113 62 451
221 47 278 271 206 100 279
222 303 374 236 297 230 503
223 274 484 52 243 1 37
224 238 413 420 354 406 388
225 367 123 211 454 109 455
226 440 246 334 335 90 496
227 71 345 24 386 461 278
228 246 399 257 134 123 457
229 359 290 263 274 35 260
230 56 131 455 473 222 86
231 51 489 440 173 312 207
232 140 233 502 100 306 322
233 434 232 302 356 495 39
234 312 186 449 42 347 319
235 323 396 260 291 49 293
236 397 142 222 303 327 456
237 49 201 365 484 314 499
238 224 9 462 150 394 307
239 110 457 4 63 382 398
240 111 165 306 129 504 32
241 309 375 487 442 485 20
242 502 355 92 450 10 90
243 328 394 277 223 80 495
244 40 322 289 331 256 144
245 135 464 268 23 168 199
246 228 226 424 311 369 442
247 344 76 325 504 163 8
248 491 94 266 370 299 193
249 124 200 1 216 473 76
250 477 6 500 299 472 170
251 437 158 401 13 137 417
252 7 93 191 175 265 500
253 504 288 79 0 343 262
254 503 405 161 204 66 288
255 157 425 328 332 110 111
256 470 503 159 190 244 481
257 375 303 228 300 330 441
258 366 78 286 43 65 192
259 155 455 269 318 51 478
260 16 124 235 292 26 229
261 317 392 379 102 469 172
262 404 339 362 457 16 253
263 2 359 229 319 281 314
264 18 450 177 428 448 129
265 33 62 387 494 252 4
266 181 341 248 360 47 371
267 15 507 206 90 141 268
268 21 479 245 8 46 267
269 427 488 259 202 121 123
270 428 172 338 409 392 358
271 174 205 221 56 138 334
272 407 85 111 361 177 68
273 89 308 186 144 437 376
274 223 496 105 229 434 329
275 169 304 357 367 510 338
276 458 499 5 502 165 217
277 345 420 243 507 205 204
278 435 221 189 154 354 227
279 406 418 120 193 468 221
280 356 119 25 359 393 3
281 103 410 37 435 263 59
282 362 497 466 510 371 121
283 96 125 353 458 84 212
284 102 343 326 207 149 355
285 331 67 371 306 89 341
286 447 10 258 403 315 28
287 292 46 404 350 358 153
288 142 253 373 404 455 254
289 200 412 244 205 53 171
290 66 229 472 452 164 184
291 388 72 190 235 7 424
292 287 329 28 260 463 208
293 45 377 71 85 214 235
294 203 390 65 32 162 29
295 298 494 145 82 383 490
296 412 53 210 496 131 423
297 44 321 344 222 298 113
298 295 505 309 95 297 487
299 213 368 42 250 248 191
300 304 166 445 257 179 461
301 150 326 477 27 309 454
302 0 378 233 126 81 19
303 222 257 489 236 419 43
304 300 275 60 476 490 445
305 94 462 125 53 449 349
306 48 373 240 285 232 330
307 156 443 316 123 120 238
308 363 273 483 317 390 378
309 241 153 298 22 301 418
310 384 437 356 366 127 502
311 20 50 178 246 140 453
312 234 49 174 444 231 101
313 61 100 96 438 28 412
314 456 109 391 3 237 263
315 508 369 43 189 286 420
316 114 351 307 463 403 132
317 261 211 176 308 498 482
318 475 486 473 259 435 189
319 457 330 15 263 124 234
320 486 128 56 378 176 9
321 485 297 465 186 368 399
322 104 244 27 45 508 232
323 235 26 354 470 338 484
324 5 448 214 417 207 505
325 83 210 247 139 70 61
326 145 301 284 25 64 41
327 81 423 405 194 236 175
328 243 337 255 116 376 372
329 177 292 144 392 83 274
330 439 319 32 62 257 306
331 285 447 408 244 387 163
332 382 424 2 255 106 343
333 99 215 452 486 82 36
334 23 214 226 485 154 271
335 469 162 142 226 417 450
336 396 14 444 64 189 82
337 137 328 369 423 488 483
338 60 176 270 492 323 275
339 450 262 121 10 186 404
340 193 473 509 178 412 53
341 31 266 395 130 147 285
342 454 383 133 108 71 87
343 430 284 459 21 253 332
344 247 106 297 149 478 419
345 277 227 482 29 365 186
346 499 401 115 215 427 494
347 80 92 164 426 234 46
348 170 183 432 218 22 47
349 471 207 119 41 13 305
350 59 36 378 287 94 79
351 420 316 140 414 130 213
352 487 81 454 75 204 155
353 159 116 283 151 42 394
354 73 107 323 224 278 93
355 43 242 102 70 115 284
356 280 408 310 233 195 1
357 473 122 275 44 378 362
358 201 129 150 105 287 270
359 229 263 143 280 401 468
360 14 30 46 266 18 389
361 26 395 393 272 399 30
362 282 213 262 493 415 357
363 308 511 93 467 502 96
364 127 218 175 83 421 48
365 391 416 237 196 345 472
366 258 435 19 310 442 467
367 225 192 416 275 447 112
368 41 299 481 165 321 109
369 129 315 337 451 246 379
370 410 118 55 248 505 458
371 474 73 285 111 282 266
372 101 485 407 195 122 328
373 84 306 288 153 202 151
374 506 222 88 382 11 75
375 257 241 385 449 111 72
376 168 492 6 133 328 273
377 113 293 397 24 395 427
378 164 302 350 320 357 308
379 452 459 261 50 400 369
380 19 389 495 109 175 384
381 511 146 402 148 55 71
382 332 194 398 374 239 203
383 134 342 400 121 295 408
384 310 175 147 489 139 380
385 444 173 375 160 57 120
386 185 90 30 227 482 69
387 199 189 265 7 331 84
388 291 4 185 124 507 224
389 455 380 492 91 187 360
390 197 294 471 9 308 173
391 365 407 314 469 452 488
392 126 261 488 329 270 434
393 461 8 361 482 280 124
394 176 243 505 431 238 353
395 399 361 341 464 377 131
396 336 235 98 106 167 492
397 236 60 377 152 15 108
398 146 23 382 145 481 239
399 395 228 187 147 361 321
400 409 510 383 33 379 6
401 436 346 251 167 359 218
402 479 434 381 131 76 168
403 131 7 442 286 316 415
404 262 411 287 288 503 339
405 219 254 327 488 41 464
406 279 79 200 161 224 134
407 272 391 372 31 467 70
408 85 356 331 474 420 383
409 400 11 453 270 116 202
410 370 281 16 86 194 448
411 441 404 95 209 446 169
412 296 289 448 506 340 313
413 173 224 447 487 208 216
414 37 428 68 351 192 25
415 161 427 215 55 362 403
416 46 365 367 219 453 421
417 139 202 11 324 335 251
418 509 279 167 17 443 309
419 106 509 35 115 303 344
420 351 277 224 164 408 315
421 167 433 461 81 364 416
422 198 130 75 52 68 57
423 443 327 498 337 487 296
424 432 332 246 38 201 291
425 463 255 510 477 497 493
426 165 467 67 347 134 27
427 269 415 122 141 346 377
428 270 414 94 264 492 107
429 72 41 114 40 4 64
430 343 495 48 203 474 42
431 13 198 54 394 33 55
432 424 190 348 159 14 66
433 182 421 139 20 108 40
434 233 402 197 19 274 392
435 278 366 491 281 318 133
436 401 185 209 448 158 67
437 251 310 179 475 273 154
438 195 159 66 313 151 34
439 330 87 470 136 181 11
440 226 40 231 158 98 148
441 411 64 162 135 119 257
442 498 3 403 241 366 246
443 423 307 499 12 418 10
444 385 71 336 312 479 210
445 90 141 300 120 170 304
446 208 34 131 94 411 449
447 286 331 413 181 367 489
448 153 324 412 436 264 410
449 82 121 234 375 305 446
450 339 264 171 242 3 335
451 108 75 62 369 69 220
452 379 70 333 290 391 115
453 1 127 409 35 416 311
454 342 2 352 225 78 301
455 389 259 230 114 288 225
456 314 120 168 461 29 236
457 319 239 84 262 0 228
458 276 89 486 283 511 370
459 93 379 343 127 146 506
460 24 500 202 213 32 504
461 393 487 421 456 227 300
462 63 305 238 88 215 166
463 425 470 182 316 292 508
464 214 245 49 395 12 405
465 74 204 321 78 31 187
466 88 55 282 498 144 491
467 100 426 86 363 407 366
468 116 63 212 146 279 359
469 335 137 493 391 261 178
470 256 463 439 323 184 471
471 349 97 390 107 480 470
472 107 21 290 2 250 365
473 357 340 318 230 249 146
474 371 182 3 408 430 174
475 318 161 194 437 171 498
476 148 105 100 304 143 206
477 250 57 301 425 206 126
478 172 59 184 177 344 259
479 402 268 90 142 444 89
480 492 206 153 87 471 215
481 488 48 368 47 398 256
482 187 88 345 393 386 317
483 184 154 308 201 185 337
484 52 223 14 237 30 323
485 321 372 193 334 241 128
486 320 318 458 333 499 38
487 352 461 241 413 423 298
488 481 269 392 405 337 391
489 123 231 303 384 20 447
490 42 39 116 183 304 295
491 248 498 435 97 174 466
492 480 376 389 338 428 396
493 70 16 469 362 101 425
494 178 295 511 265 183 346
495 130 430 380 1 233 243
496 9 274 78 296 36 226
497 50 282 205 503 425 103
498 442 491 423 466 317 475
499 346 276 443 48 486 237
500 32 460 250 217 196 252
501 171 508 504 155 95 51
502 242 171 232 276 363 310
503 254 256 154 497 404 222
504 253 99 501 247 240 460
505 67 298 394 68 370 324
506 374 58 217 412 8 459
507 62 267 124 277 388 165
508 315 501 10 69 322 463
509 418 419 340 169 142 44
510 95 400 425 282 275 188
511 381 363 494 67 458 88
